# time	B0_r_i(1)	B0_r_i(2)	B0_r_i(3)	0_A_i(1,1)	0_A_i(1,2)	0_A_i(1,3)	0_A_i(2,1)	...
0.000000	0.000000	0.000000	0.000000	0.789785	-0.613384	0.000000	0.613384	0.789785	0.000000	0.000000	0.000000	1.000000	0.000000	0.000000	0.000000	0.726983	-0.308637	0.613384	0.564609	-0.239702	-0.789785	0.390786	0.920482	0.000000	0.133765	0.103888	0.071905	0.786776	0.068872	-0.613384	0.611047	0.053489	0.789785	0.087203	-0.996191	-0.000000	0.228302	0.177310	-0.114367	0.882166	-0.465876	0.068872	-0.469578	-0.881269	0.053489	0.035775	-0.079527	-0.996191	0.228302	0.177310	-0.114367	0.830853	-0.304372	0.465876	-0.404760	0.243996	0.881269	-0.381906	-0.920773	0.079527	0.210648	0.191461	-0.167772	0.056891	-0.950853	-0.304372	-0.960255	-0.135558	0.243996	-0.273264	0.278394	-0.920773	
0.010000	0.000000	0.000000	0.000000	0.789930	-0.613198	0.000000	0.613198	0.789930	0.000000	0.000000	0.000000	1.000000	0.000000	0.000000	0.000000	0.727131	-0.308658	0.613198	0.564449	-0.239601	-0.789930	0.390741	0.920501	0.000000	0.133792	0.103859	0.071896	0.786913	0.068963	-0.613198	0.610856	0.053534	0.789930	0.087303	-0.996182	-0.000000	0.228361	0.177269	-0.114363	0.882044	-0.466092	0.068963	-0.469803	-0.881147	0.053534	0.035815	-0.079619	-0.996182	0.228361	0.177269	-0.114363	0.830817	-0.304141	0.466092	-0.404975	0.244083	0.881147	-0.381757	-0.920827	0.079619	0.210721	0.191426	-0.167771	0.056690	-0.950939	-0.304141	-0.960268	-0.135311	0.244083	-0.273261	0.278220	-0.920827	
0.020000	0.000000	0.000000	0.000000	0.790333	-0.612677	0.000000	0.612677	0.790333	0.000000	0.000000	0.000000	1.000000	0.000000	0.000000	0.000000	0.727539	-0.308729	0.612677	0.563998	-0.239331	-0.790333	0.390631	0.920547	0.000000	0.133867	0.103776	0.071876	0.787296	0.069221	-0.612677	0.610323	0.053661	0.790333	0.087584	-0.996157	-0.000000	0.228526	0.177156	-0.114349	0.881707	-0.466692	0.069221	-0.470428	-0.880806	0.053661	0.035927	-0.079876	-0.996157	0.228526	0.177156	-0.114349	0.830714	-0.303500	0.466692	-0.405568	0.244327	0.880806	-0.381350	-0.920973	0.079876	0.210923	0.191327	-0.167766	0.056129	-0.951177	-0.303500	-0.960302	-0.134627	0.244327	-0.273258	0.277738	-0.920973	
0.030000	0.000000	0.000000	0.000000	0.790991	-0.611828	0.000000	0.611828	0.790991	0.000000	0.000000	0.000000	1.000000	0.000000	0.000000	0.000000	0.728206	-0.308841	0.611828	0.563264	-0.238887	-0.790991	0.390449	0.920625	0.000000	0.133990	0.103641	0.071843	0.787919	0.069647	-0.611828	0.609452	0.053871	0.790991	0.088050	-0.996116	-0.000000	0.228796	0.176973	-0.114327	0.881154	-0.467672	0.069647	-0.471448	-0.880247	0.053871	0.036112	-0.080304	-0.996116	0.228796	0.176973	-0.114327	0.830548	-0.302445	0.467672	-0.406538	0.244729	0.880247	-0.380679	-0.921214	0.080304	0.211254	0.191167	-0.167757	0.055215	-0.951566	-0.302445	-0.960356	-0.133509	0.244729	-0.273255	0.276942	-0.921214	
0.040000	0.000000	0.000000	0.000000	0.791889	-0.610666	0.000000	0.610666	0.791889	0.000000	0.000000	0.000000	1.000000	0.000000	0.000000	0.000000	0.729119	-0.308988	0.610666	0.562260	-0.238276	-0.791889	0.390191	0.920734	0.000000	0.134158	0.103456	0.071795	0.788767	0.070240	-0.610666	0.608259	0.054166	0.791889	0.088700	-0.996058	-0.000000	0.229168	0.176723	-0.114296	0.880394	-0.469013	0.070240	-0.472847	-0.879478	0.054166	0.036370	-0.080900	-0.996058	0.229168	0.176723	-0.114296	0.830322	-0.300984	0.469013	-0.407867	0.245280	0.879478	-0.379749	-0.921545	0.080900	0.211711	0.190949	-0.167746	0.053964	-0.952101	-0.300984	-0.960427	-0.131976	0.245280	-0.273254	0.275837	-0.921545	
0.050000	0.000000	0.000000	0.000000	0.793013	-0.609205	0.000000	0.609205	0.793013	0.000000	0.000000	0.000000	1.000000	0.000000	0.000000	0.000000	0.730266	-0.309163	0.609205	0.561001	-0.237503	-0.793013	0.389858	0.920875	0.000000	0.134369	0.103224	0.071734	0.789828	0.071000	-0.609205	0.606758	0.054544	0.793013	0.089533	-0.995984	-0.000000	0.229637	0.176411	-0.114257	0.879433	-0.470698	0.071000	-0.474606	-0.878507	0.054544	0.036701	-0.081665	-0.995984	0.229637	0.176411	-0.114257	0.830040	-0.299127	0.470698	-0.409539	0.245975	0.878507	-0.378565	-0.921965	0.081665	0.212288	0.190677	-0.167731	0.052393	-0.952774	-0.299127	-0.960513	-0.130044	0.245975	-0.273258	0.274428	-0.921965	
0.060000	0.000000	0.000000	0.000000	0.794349	-0.607462	0.000000	0.607462	0.794349	0.000000	0.000000	0.000000	1.000000	0.000000	0.000000	0.000000	0.731634	-0.309357	0.607462	0.559502	-0.236574	-0.794349	0.389447	0.921049	0.000000	0.134621	0.102948	0.071658	0.791086	0.071927	-0.607462	0.604966	0.055005	0.794349	0.090548	-0.995892	-0.000000	0.230200	0.176041	-0.114210	0.878278	-0.472709	0.071927	-0.476708	-0.877339	0.055005	0.037103	-0.082598	-0.995892	0.230200	0.176041	-0.114210	0.829704	-0.296881	0.472709	-0.411537	0.246805	0.877339	-0.377132	-0.922469	0.082598	0.212981	0.190355	-0.167713	0.050520	-0.953577	-0.296881	-0.960610	-0.127732	0.246805	-0.273269	0.272718	-0.922469	
0.070000	0.000000	0.000000	0.000000	0.795882	-0.605452	0.000000	0.605452	0.795882	0.000000	0.000000	0.000000	1.000000	0.000000	0.000000	0.000000	0.733212	-0.309563	0.605452	0.557776	-0.235494	-0.795882	0.388955	0.921257	0.000000	0.134911	0.102631	0.071568	0.792525	0.073020	-0.605452	0.602898	0.055548	0.795882	0.091747	-0.995782	-0.000000	0.230853	0.175617	-0.114156	0.876938	-0.475024	0.073020	-0.479132	-0.875983	0.055548	0.037577	-0.083698	-0.995782	0.230853	0.175617	-0.114156	0.829317	-0.294253	0.475024	-0.413844	0.247762	0.875983	-0.375454	-0.923054	0.083698	0.213786	0.189987	-0.167693	0.048363	-0.954503	-0.294253	-0.960716	-0.125058	0.247762	-0.273288	0.270711	-0.923054	
0.080000	0.000000	0.000000	0.000000	0.797596	-0.603191	0.000000	0.603191	0.797596	0.000000	0.000000	0.000000	1.000000	0.000000	0.000000	0.000000	0.734984	-0.309771	0.603191	0.555840	-0.234268	-0.797596	0.388381	0.921499	0.000000	0.135237	0.102275	0.071462	0.794130	0.074279	-0.603191	0.600570	0.056174	0.797596	0.093128	-0.995654	-0.000000	0.231591	0.175143	-0.114094	0.875418	-0.477625	0.074279	-0.481861	-0.874445	0.056174	0.038122	-0.084968	-0.995654	0.231591	0.175143	-0.114094	0.828883	-0.291252	0.477625	-0.416443	0.248838	0.874445	-0.373535	-0.923716	0.084968	0.214699	0.189576	-0.167669	0.045939	-0.955543	-0.291252	-0.960826	-0.122040	0.248838	-0.273320	0.268411	-0.923716	
0.090000	0.000000	0.000000	0.000000	0.799477	-0.600697	0.000000	0.600697	0.799477	0.000000	0.000000	0.000000	1.000000	0.000000	0.000000	0.000000	0.736939	-0.309973	0.600697	0.553709	-0.232902	-0.799477	0.387720	0.921777	0.000000	0.135597	0.101882	0.071341	0.795884	0.075704	-0.600697	0.597998	0.056881	0.799477	0.094692	-0.995507	-0.000000	0.232411	0.174625	-0.114025	0.873726	-0.480492	0.075704	-0.484874	-0.872732	0.056881	0.038738	-0.086406	-0.995507	0.232411	0.174625	-0.114025	0.828402	-0.287884	0.480492	-0.419317	0.250024	0.872732	-0.371380	-0.924452	0.086406	0.215714	0.189126	-0.167644	0.043268	-0.956687	-0.287884	-0.960937	-0.118697	0.250024	-0.273365	0.265821	-0.924452	
0.100000	0.000000	0.000000	0.000000	0.801507	-0.597985	0.000000	0.597985	0.801507	0.000000	0.000000	0.000000	1.000000	0.000000	0.000000	0.000000	0.739064	-0.310160	0.597985	0.551397	-0.231403	-0.801507	0.386971	0.922092	0.000000	0.135988	0.101457	0.071203	0.797771	0.077297	-0.597985	0.595198	0.057669	0.801507	0.096439	-0.995339	-0.000000	0.233308	0.174066	-0.113951	0.871868	-0.483603	0.077297	-0.488152	-0.870851	0.057669	0.039425	-0.088013	-0.995339	0.233308	0.174066	-0.113951	0.827878	-0.284157	0.483603	-0.422447	0.251310	0.870851	-0.368993	-0.925256	0.088013	0.216827	0.188642	-0.167615	0.040366	-0.957928	-0.284157	-0.961045	-0.115046	0.251310	-0.273428	0.262944	-0.925256	
0.110000	0.000000	0.000000	0.000000	0.803673	-0.595072	0.000000	0.595072	0.803673	0.000000	0.000000	0.000000	1.000000	0.000000	0.000000	0.000000	0.741344	-0.310321	0.595072	0.548921	-0.229774	-0.803673	0.386128	0.922445	0.000000	0.136407	0.101001	0.071048	0.799775	0.079057	-0.595072	0.592186	0.058537	0.803673	0.098370	-0.995150	-0.000000	0.234279	0.173470	-0.113870	0.869851	-0.486939	0.079057	-0.491676	-0.868809	0.058537	0.040181	-0.089789	-0.995150	0.234279	0.173470	-0.113870	0.827313	-0.280078	0.486939	-0.425818	0.252687	0.868809	-0.366378	-0.926124	0.089789	0.218035	0.188126	-0.167585	0.037254	-0.959254	-0.280078	-0.961148	-0.111106	0.252687	-0.273509	0.259783	-0.926124	
0.120000	0.000000	0.000000	0.000000	0.805956	-0.591975	0.000000	0.591975	0.805956	0.000000	0.000000	0.000000	1.000000	0.000000	0.000000	0.000000	0.743767	-0.310446	0.591975	0.546296	-0.228023	-0.805956	0.385190	0.922837	0.000000	0.136853	0.100519	0.070875	0.801877	0.080985	-0.591975	0.588979	0.059484	0.805956	0.100484	-0.994939	-0.000000	0.235320	0.172842	-0.113783	0.867682	-0.490478	0.080985	-0.495425	-0.866612	0.059484	0.041007	-0.091735	-0.994939	0.235320	0.172842	-0.113783	0.826708	-0.275654	0.490478	-0.429411	0.254145	0.866612	-0.363538	-0.927052	0.091735	0.219332	0.187583	-0.167552	0.033949	-0.960657	-0.275654	-0.961241	-0.106895	0.254145	-0.273613	0.256342	-0.927052	
0.130000	0.000000	0.000000	0.000000	0.808344	-0.588711	0.000000	0.588711	0.808344	0.000000	0.000000	0.000000	1.000000	0.000000	0.000000	0.000000	0.746319	-0.310527	0.588711	0.543539	-0.226154	-0.808344	0.384152	0.923270	0.000000	0.137323	0.100011	0.070684	0.804063	0.083082	-0.588711	0.585593	0.060508	0.808344	0.102781	-0.994704	-0.000000	0.236425	0.172187	-0.113692	0.865370	-0.494199	0.083082	-0.499379	-0.864268	0.060508	0.041902	-0.093851	-0.994704	0.236425	0.172187	-0.113692	0.826066	-0.270892	0.494199	-0.433210	0.255675	0.864268	-0.360478	-0.928034	0.093851	0.220714	0.187016	-0.167518	0.030471	-0.962127	-0.270892	-0.961321	-0.102432	0.255675	-0.273740	0.252624	-0.928034	
0.140000	0.000000	0.000000	0.000000	0.810819	-0.585297	0.000000	0.585297	0.810819	0.000000	0.000000	0.000000	1.000000	0.000000	0.000000	0.000000	0.748989	-0.310551	0.585297	0.540665	-0.224174	-0.810819	0.383010	0.923744	0.000000	0.137814	0.099482	0.070474	0.806315	0.085347	-0.585297	0.582046	0.061609	0.810819	0.105261	-0.994445	-0.000000	0.237593	0.171508	-0.113596	0.862920	-0.498081	0.085347	-0.503519	-0.861785	0.061609	0.042865	-0.096138	-0.994445	0.237593	0.171508	-0.113596	0.825388	-0.265800	0.498081	-0.437197	0.257267	0.861785	-0.357202	-0.929066	0.096138	0.222176	0.186430	-0.167481	0.026838	-0.963654	-0.265800	-0.961385	-0.097735	0.257267	-0.273894	0.248632	-0.929066	
0.150000	0.000000	0.000000	0.000000	0.813367	-0.581751	0.000000	0.581751	0.813367	0.000000	0.000000	0.000000	1.000000	0.000000	0.000000	0.000000	0.751764	-0.310511	0.581751	0.537690	-0.222089	-0.813367	0.381760	0.924262	0.000000	0.138325	0.098935	0.070244	0.808616	0.087782	-0.581751	0.578353	0.062785	0.813367	0.107924	-0.994159	-0.000000	0.238817	0.170811	-0.113495	0.860341	-0.502104	0.087782	-0.507826	-0.859169	0.062785	0.043895	-0.098594	-0.994159	0.238817	0.170811	-0.113495	0.824676	-0.260386	0.502104	-0.441356	0.258910	0.859169	-0.353715	-0.930142	0.098594	0.223715	0.185828	-0.167444	0.023069	-0.965229	-0.260386	-0.961431	-0.092823	0.258910	-0.274077	0.244370	-0.930142	
0.160000	0.000000	0.000000	0.000000	0.815973	-0.578090	0.000000	0.578090	0.815973	0.000000	0.000000	0.000000	1.000000	0.000000	0.000000	0.000000	0.754631	-0.310395	0.578090	0.534630	-0.219904	-0.815973	0.380399	0.924823	0.000000	0.138852	0.098372	0.069993	0.810952	0.090384	-0.578090	0.574532	0.064034	0.815973	0.110768	-0.993846	-0.000000	0.240095	0.170100	-0.113391	0.857640	-0.506245	0.090384	-0.512279	-0.856429	0.064034	0.044991	-0.101220	-0.993846	0.240095	0.170100	-0.113391	0.823933	-0.254657	0.506245	-0.445668	0.260595	0.856429	-0.350021	-0.931257	0.101220	0.225325	0.185214	-0.167404	0.019182	-0.966841	-0.254657	-0.961455	-0.087714	0.260595	-0.274291	0.239843	-0.931257	
0.170000	0.000000	0.000000	0.000000	0.818623	-0.574331	0.000000	0.574331	0.818623	0.000000	0.000000	0.000000	1.000000	0.000000	0.000000	0.000000	0.757578	-0.310194	0.574331	0.531502	-0.217626	-0.818623	0.378922	0.925429	0.000000	0.139394	0.097796	0.069722	0.813306	0.093155	-0.574331	0.570600	0.065356	0.818623	0.113794	-0.993504	-0.000000	0.241423	0.169378	-0.113284	0.854826	-0.510485	0.093155	-0.516858	-0.853572	0.065356	0.046151	-0.104015	-0.993504	0.241423	0.169378	-0.113284	0.823160	-0.248623	0.510485	-0.450118	0.262313	0.853572	-0.346125	-0.932405	0.104015	0.227003	0.184592	-0.167364	0.015197	-0.968481	-0.248623	-0.961456	-0.082426	0.262313	-0.274538	0.235054	-0.932405	
0.180000	0.000000	0.000000	0.000000	0.821303	-0.570492	0.000000	0.570492	0.821303	0.000000	0.000000	0.000000	1.000000	0.000000	0.000000	0.000000	0.760593	-0.309899	0.570492	0.528321	-0.215261	-0.821303	0.377325	0.926081	0.000000	0.139949	0.097211	0.069428	0.815663	0.096092	-0.570492	0.566574	0.066747	0.821303	0.117000	-0.993132	-0.000000	0.242796	0.168651	-0.113175	0.851907	-0.514802	0.096092	-0.521546	-0.850608	0.066747	0.047375	-0.106979	-0.993132	0.242796	0.168651	-0.113175	0.822358	-0.242292	0.514802	-0.454688	0.264054	0.850608	-0.342031	-0.933579	0.106979	0.228744	0.183966	-0.167323	0.011131	-0.970139	-0.242292	-0.961431	-0.076978	0.264054	-0.274820	0.230008	-0.933579	
0.190000	0.000000	0.000000	0.000000	0.824000	-0.566590	0.000000	0.566590	0.824000	0.000000	0.000000	0.000000	1.000000	0.000000	0.000000	0.000000	0.763666	-0.309499	0.566590	0.525104	-0.212814	-0.824000	0.375606	0.926779	0.000000	0.140515	0.096619	0.069111	0.818007	0.099196	-0.566590	0.562469	0.068208	0.824000	0.120383	-0.992727	-0.000000	0.244212	0.167922	-0.113064	0.848891	-0.519177	0.099196	-0.526323	-0.847544	0.068208	0.048661	-0.110110	-0.992727	0.244212	0.167922	-0.113064	0.821531	-0.235674	0.519177	-0.459363	0.265809	0.847544	-0.337746	-0.934775	0.110110	0.230543	0.183339	-0.167281	0.007003	-0.971807	-0.235674	-0.961379	-0.071390	0.265809	-0.275139	0.224710	-0.934775	
0.200000	0.000000	0.000000	0.000000	0.826700	-0.562642	0.000000	0.562642	0.826700	0.000000	0.000000	0.000000	1.000000	0.000000	0.000000	0.000000	0.766786	-0.308987	0.562642	0.521865	-0.210293	-0.826700	0.373759	0.927526	0.000000	0.141089	0.096023	0.068772	0.820326	0.102464	-0.562642	0.558304	0.069736	0.826700	0.123943	-0.992289	-0.000000	0.245665	0.167197	-0.112951	0.845788	-0.523588	0.102464	-0.531171	-0.844390	0.069736	0.050007	-0.113407	-0.992289	0.245665	0.167197	-0.112951	0.820680	-0.228778	0.523588	-0.464125	0.267570	0.844390	-0.333274	-0.935985	0.113407	0.232396	0.182716	-0.167238	0.002831	-0.973474	-0.228778	-0.961298	-0.065678	0.267570	-0.275498	0.219166	-0.935985	
0.210000	0.000000	0.000000	0.000000	0.829392	-0.558666	0.000000	0.558666	0.829392	0.000000	0.000000	0.000000	1.000000	0.000000	0.000000	0.000000	0.769942	-0.308353	0.558666	0.518621	-0.207702	-0.829392	0.371782	0.928320	0.000000	0.141669	0.095426	0.068408	0.822605	0.105894	-0.558666	0.554094	0.071329	0.829392	0.127677	-0.991816	-0.000000	0.247153	0.166478	-0.112837	0.842606	-0.528017	0.105894	-0.536071	-0.841154	0.071329	0.051410	-0.116869	-0.991816	0.247153	0.166478	-0.112837	0.819808	-0.221615	0.528017	-0.468959	0.269328	0.841154	-0.328622	-0.937203	0.116869	0.234299	0.182099	-0.167195	-0.001367	-0.975133	-0.221615	-0.961186	-0.059862	0.269328	-0.275897	0.213381	-0.937203	
0.220000	0.000000	0.000000	0.000000	0.832064	-0.554679	0.000000	0.554679	0.832064	0.000000	0.000000	0.000000	1.000000	0.000000	0.000000	0.000000	0.773123	-0.307590	0.554679	0.515387	-0.205049	-0.832064	0.369671	0.929163	0.000000	0.142255	0.094831	0.068019	0.824830	0.109484	-0.554679	0.549857	0.072985	0.832064	0.131581	-0.991305	-0.000000	0.248671	0.165772	-0.112724	0.839355	-0.532444	0.109484	-0.541006	-0.837846	0.072985	0.052870	-0.120492	-0.991305	0.248671	0.165772	-0.112724	0.818917	-0.214195	0.532444	-0.473849	0.271075	0.837846	-0.323795	-0.938424	0.120492	0.236248	0.181494	-0.167152	-0.005574	-0.976775	-0.214195	-0.961044	-0.053960	0.271075	-0.276338	0.207361	-0.938424	
0.230000	0.000000	0.000000	0.000000	0.834705	-0.550698	0.000000	0.550698	0.834705	0.000000	0.000000	0.000000	1.000000	0.000000	0.000000	0.000000	0.776321	-0.306689	0.550698	0.512179	-0.202339	-0.834705	0.367422	0.930054	0.000000	0.142843	0.094241	0.067606	0.826989	0.113231	-0.550698	0.545607	0.074704	0.834705	0.135654	-0.990756	-0.000000	0.250216	0.165081	-0.112610	0.836045	-0.536850	0.113231	-0.545959	-0.834475	0.074704	0.054383	-0.124276	-0.990756	0.250216	0.165081	-0.112610	0.818008	-0.206529	0.536850	-0.478779	0.272806	0.834475	-0.318799	-0.939640	0.124276	0.238237	0.180903	-0.167109	-0.009772	-0.978392	-0.206529	-0.960871	-0.047990	0.272806	-0.276822	0.201114	-0.939640	
0.240000	0.000000	0.000000	0.000000	0.837303	-0.546738	0.000000	0.546738	0.837303	0.000000	0.000000	0.000000	1.000000	0.000000	0.000000	0.000000	0.779525	-0.305643	0.546738	0.509011	-0.199578	-0.837303	0.365033	0.930995	0.000000	0.143433	0.093658	0.067166	0.829070	0.117131	-0.546738	0.541362	0.076484	0.837303	0.139891	-0.990167	-0.000000	0.251785	0.164409	-0.112498	0.832685	-0.541217	0.117131	-0.550913	-0.831050	0.076484	0.055948	-0.128216	-0.990167	0.251785	0.164409	-0.112498	0.817087	-0.198630	0.541217	-0.483734	0.274512	0.831050	-0.313642	-0.940845	0.128216	0.240264	0.180331	-0.167067	-0.013945	-0.979975	-0.198630	-0.960667	-0.041971	0.274512	-0.277352	0.194645	-0.940845	
0.250000	0.000000	0.000000	0.000000	0.839851	-0.542818	0.000000	0.542818	0.839851	0.000000	0.000000	0.000000	1.000000	0.000000	0.000000	0.000000	0.782727	-0.304446	0.542818	0.505897	-0.196772	-0.839851	0.362500	0.931984	0.000000	0.144022	0.093085	0.066700	0.831062	0.121181	-0.542818	0.537137	0.078323	0.839851	0.144289	-0.989536	-0.000000	0.253373	0.163761	-0.112387	0.829286	-0.545527	0.121181	-0.555852	-0.827583	0.078323	0.057560	-0.132311	-0.989536	0.253373	0.163761	-0.112387	0.816154	-0.190508	0.545527	-0.488698	0.276188	0.827583	-0.308330	-0.942033	0.132311	0.242323	0.179780	-0.167025	-0.018076	-0.981519	-0.190508	-0.960432	-0.035920	0.276188	-0.277927	0.187963	-0.942033	
0.260000	0.000000	0.000000	0.000000	0.842337	-0.538951	0.000000	0.538951	0.842337	0.000000	0.000000	0.000000	1.000000	0.000000	0.000000	0.000000	0.785918	-0.303091	0.538951	0.502853	-0.193926	-0.842337	0.359822	0.933021	0.000000	0.144609	0.092525	0.066207	0.832954	0.125377	-0.538951	0.532948	0.080220	0.842337	0.148844	-0.988861	-0.000000	0.254977	0.163142	-0.112279	0.825858	-0.549763	0.125377	-0.560760	-0.824083	0.080220	0.059219	-0.136556	-0.988861	0.254977	0.163142	-0.112279	0.815213	-0.182178	0.549763	-0.493658	0.277829	0.824083	-0.302870	-0.943198	0.136556	0.244411	0.179256	-0.166984	-0.022149	-0.983016	-0.182178	-0.960166	-0.029855	0.277829	-0.278549	0.181075	-0.943198	
0.270000	0.000000	0.000000	0.000000	0.844754	-0.535155	0.000000	0.535155	0.844754	0.000000	0.000000	0.000000	1.000000	0.000000	0.000000	0.000000	0.789090	-0.301573	0.535155	0.499892	-0.191048	-0.844754	0.356995	0.934106	0.000000	0.145193	0.091980	0.065687	0.834736	0.129712	-0.535155	0.528809	0.082173	0.844754	0.153551	-0.988141	-0.000000	0.256594	0.162553	-0.112173	0.822411	-0.553909	0.129712	-0.565623	-0.820560	0.082173	0.060920	-0.140949	-0.988141	0.256594	0.162553	-0.112173	0.814267	-0.173651	0.553909	-0.498598	0.279430	0.820560	-0.297270	-0.944333	0.140949	0.246522	0.178760	-0.166944	-0.026148	-0.984460	-0.173651	-0.959871	-0.023794	0.279430	-0.279220	0.173989	-0.944333	
0.280000	0.000000	0.000000	0.000000	0.847093	-0.531445	0.000000	0.531445	0.847093	0.000000	0.000000	0.000000	1.000000	0.000000	0.000000	0.000000	0.792234	-0.299886	0.531445	0.497028	-0.188141	-0.847093	0.354018	0.935239	0.000000	0.145771	0.091453	0.065139	0.836398	0.134184	-0.531445	0.524735	0.084183	0.847093	0.158405	-0.987374	-0.000000	0.258220	0.162001	-0.112070	0.818956	-0.557948	0.134184	-0.570425	-0.817024	0.084183	0.062661	-0.145484	-0.987374	0.258220	0.162001	-0.112070	0.813320	-0.164941	0.557948	-0.503505	0.280988	0.817024	-0.291537	-0.945431	0.145484	0.248653	0.178298	-0.166905	-0.030058	-0.985845	-0.164941	-0.959547	-0.017755	0.280988	-0.279939	0.166715	-0.945431	
0.290000	0.000000	0.000000	0.000000	0.849347	-0.527835	0.000000	0.527835	0.849347	0.000000	0.000000	0.000000	1.000000	0.000000	0.000000	0.000000	0.795343	-0.298026	0.527835	0.494274	-0.185211	-0.849347	0.350888	0.936417	0.000000	0.146343	0.090946	0.064563	0.837932	0.138784	-0.527835	0.520741	0.086249	0.849347	0.163401	-0.986560	-0.000000	0.259852	0.161487	-0.111972	0.815504	-0.561865	0.138784	-0.575153	-0.813487	0.086249	0.064439	-0.150159	-0.986560	0.259852	0.161487	-0.111972	0.812375	-0.156061	0.561865	-0.508364	0.282498	0.813487	-0.285680	-0.946488	0.150159	0.250800	0.177872	-0.166868	-0.033865	-0.987167	-0.156061	-0.959196	-0.011755	0.282498	-0.280708	0.159260	-0.946488	
0.300000	0.000000	0.000000	0.000000	0.851509	-0.524340	0.000000	0.524340	0.851509	0.000000	0.000000	0.000000	1.000000	0.000000	0.000000	0.000000	0.798410	-0.295989	0.524340	0.491642	-0.182263	-0.851509	0.347606	0.937641	0.000000	0.146907	0.090462	0.063959	0.839329	0.143509	-0.524340	0.516839	0.088369	0.851509	0.168535	-0.985696	-0.000000	0.261486	0.161017	-0.111878	0.812066	-0.565645	0.143509	-0.579793	-0.809957	0.088369	0.066250	-0.154967	-0.985696	0.261486	0.161017	-0.111878	0.811436	-0.147026	0.565645	-0.513163	0.283960	0.809957	-0.279706	-0.947497	0.154967	0.252958	0.177487	-0.166833	-0.037553	-0.988419	-0.147026	-0.958818	-0.005810	0.283960	-0.281526	0.151635	-0.947497	
0.310000	0.000000	0.000000	0.000000	0.853573	-0.520974	0.000000	0.520974	0.853573	0.000000	0.000000	0.000000	1.000000	0.000000	0.000000	0.000000	0.801426	-0.293773	0.520974	0.489146	-0.179303	-0.853573	0.344168	0.938908	0.000000	0.147462	0.090003	0.063327	0.840582	0.148350	-0.520974	0.513045	0.090545	0.853573	0.173799	-0.984781	-0.000000	0.263119	0.160593	-0.111789	0.808652	-0.569275	0.148350	-0.584334	-0.806447	0.090545	0.068092	-0.159905	-0.984781	0.263119	0.160593	-0.111789	0.810508	-0.137850	0.569275	-0.517887	0.285371	0.806447	-0.273623	-0.948452	0.159905	0.255124	0.177145	-0.166799	-0.041109	-0.989600	-0.137850	-0.958417	0.000062	0.285371	-0.282395	0.143849	-0.948452	
0.320000	0.000000	0.000000	0.000000	0.855532	-0.517750	0.000000	0.517750	0.855532	0.000000	0.000000	0.000000	1.000000	0.000000	0.000000	0.000000	0.804386	-0.291373	0.517750	0.486797	-0.176333	-0.855532	0.340576	0.940217	0.000000	0.148007	0.089571	0.062666	0.841685	0.153302	-0.517750	0.509370	0.092775	0.855532	0.179189	-0.983815	-0.000000	0.264748	0.160220	-0.111705	0.805274	-0.572742	0.153302	-0.588761	-0.802965	0.092775	0.069960	-0.164968	-0.983815	0.264748	0.160220	-0.111705	0.809594	-0.128546	0.572742	-0.522525	0.286731	0.802965	-0.267441	-0.949348	0.164968	0.257292	0.176850	-0.166767	-0.044520	-0.990704	-0.128546	-0.957993	0.005846	0.286731	-0.283314	0.135911	-0.949348	
0.330000	0.000000	0.000000	0.000000	0.857381	-0.514682	0.000000	0.514682	0.857381	0.000000	0.000000	0.000000	1.000000	0.000000	0.000000	0.000000	0.807281	-0.288789	0.514682	0.484607	-0.173359	-0.857381	0.336827	0.941566	0.000000	0.148540	0.089168	0.061976	0.842630	0.158357	-0.514682	0.505827	0.095061	0.857381	0.184698	-0.982795	-0.000000	0.266369	0.159900	-0.111628	0.801942	-0.576032	0.158357	-0.593065	-0.799523	0.095061	0.071852	-0.170149	-0.982795	0.266369	0.159900	-0.111628	0.808700	-0.119130	0.576032	-0.527063	0.288040	0.799523	-0.261168	-0.950179	0.170149	0.259459	0.176606	-0.166738	-0.047771	-0.991729	-0.119130	-0.957549	0.011524	0.288040	-0.284285	0.127833	-0.950179	
0.340000	0.000000	0.000000	0.000000	0.859115	-0.511783	0.000000	0.511783	0.859115	0.000000	0.000000	0.000000	1.000000	0.000000	0.000000	0.000000	0.810106	-0.286020	0.511783	0.482587	-0.170384	-0.859115	0.332923	0.942954	0.000000	0.149059	0.088796	0.061258	0.843412	0.163507	-0.511783	0.502428	0.097402	0.859115	0.190320	-0.981722	-0.000000	0.267978	0.159637	-0.111557	0.798668	-0.579133	0.163507	-0.597234	-0.796131	0.097402	0.073764	-0.175444	-0.981722	0.267978	0.159637	-0.111557	0.807830	-0.109617	0.579133	-0.531490	0.289299	0.796131	-0.254812	-0.950942	0.175444	0.261620	0.176416	-0.166711	-0.050851	-0.992672	-0.109617	-0.957086	0.017082	0.289299	-0.285307	0.119624	-0.950942	
0.350000	0.000000	0.000000	0.000000	0.860729	-0.509063	0.000000	0.509063	0.860729	0.000000	0.000000	0.000000	1.000000	0.000000	0.000000	0.000000	0.812853	-0.283063	0.509063	0.480748	-0.167413	-0.860729	0.328864	0.944377	0.000000	0.149565	0.088458	0.060511	0.844026	0.168745	-0.509063	0.499185	0.099801	0.860729	0.196048	-0.980594	-0.000000	0.269574	0.159435	-0.111492	0.795462	-0.582035	0.168745	-0.601257	-0.792798	0.099801	0.075693	-0.180847	-0.980594	0.269574	0.159435	-0.111492	0.806989	-0.100021	0.582035	-0.535794	0.290509	0.792798	-0.248383	-0.951630	0.180847	0.263772	0.176284	-0.166687	-0.053748	-0.993533	-0.100021	-0.956608	0.022504	0.290509	-0.286379	0.111295	-0.951630	
0.360000	0.000000	0.000000	0.000000	0.862219	-0.506537	0.000000	0.506537	0.862219	0.000000	0.000000	0.000000	1.000000	0.000000	0.000000	0.000000	0.815516	-0.279920	0.506537	0.479099	-0.164447	-0.862219	0.324651	0.945834	0.000000	0.150055	0.088154	0.059736	0.844466	0.174062	-0.506537	0.496107	0.102258	0.862219	0.201877	-0.979411	-0.000000	0.271151	0.159296	-0.111436	0.792336	-0.584727	0.174062	-0.605125	-0.789536	0.102258	0.077635	-0.186352	-0.979411	0.271151	0.159296	-0.111436	0.806182	-0.090358	0.584727	-0.539963	0.291673	0.789536	-0.241890	-0.952241	0.186352	0.265910	0.176213	-0.166665	-0.056449	-0.994308	-0.090358	-0.956115	0.027775	0.291673	-0.287503	0.102857	-0.952241	
0.370000	0.000000	0.000000	0.000000	0.863579	-0.504213	0.000000	0.504213	0.863579	0.000000	0.000000	0.000000	1.000000	0.000000	0.000000	0.000000	0.818088	-0.276590	0.504213	0.477652	-0.161491	-0.863579	0.320284	0.947322	0.000000	0.150528	0.087888	0.058932	0.844729	0.179450	-0.504213	0.493207	0.104775	0.863579	0.207798	-0.978172	-0.000000	0.272707	0.159224	-0.111386	0.789300	-0.587199	0.179450	-0.608827	-0.786353	0.104775	0.079588	-0.191953	-0.978172	0.272707	0.159224	-0.111386	0.805416	-0.080641	0.587199	-0.543986	0.292794	0.786353	-0.235341	-0.952769	0.191953	0.268030	0.176206	-0.166647	-0.058943	-0.994999	-0.080641	-0.955610	0.032880	0.292794	-0.288678	0.094320	-0.952769	
0.380000	0.000000	0.000000	0.000000	0.864808	-0.502103	0.000000	0.502103	0.864808	0.000000	0.000000	0.000000	1.000000	0.000000	0.000000	0.000000	0.820562	-0.273076	0.502103	0.476414	-0.158546	-0.864808	0.315765	0.948838	0.000000	0.150983	0.087660	0.058101	0.844810	0.184901	-0.502103	0.490493	0.107353	0.864808	0.213806	-0.976876	-0.000000	0.274240	0.159222	-0.111345	0.786365	-0.589441	0.184901	-0.612356	-0.783260	0.107353	0.081548	-0.197644	-0.976876	0.274240	0.159222	-0.111345	0.804695	-0.070888	0.589441	-0.547852	0.293875	0.783260	-0.228746	-0.953212	0.197644	0.270128	0.176267	-0.166631	-0.061219	-0.995604	-0.070888	-0.955096	0.037804	0.293875	-0.289904	0.085695	-0.953212	
0.390000	0.000000	0.000000	0.000000	0.865899	-0.500218	0.000000	0.500218	0.865899	0.000000	0.000000	0.000000	1.000000	0.000000	0.000000	0.000000	0.822932	-0.269377	0.500218	0.475397	-0.155616	-0.865899	0.311096	0.950379	0.000000	0.151420	0.087473	0.057242	0.844705	0.190406	-0.500218	0.487975	0.109995	0.865899	0.219894	-0.975524	-0.000000	0.275744	0.159293	-0.111312	0.783542	-0.591445	0.190406	-0.615701	-0.780265	0.109995	0.083511	-0.203419	-0.975524	0.275744	0.159293	-0.111312	0.804026	-0.061112	0.591445	-0.551550	0.294922	0.780265	-0.222114	-0.953565	0.203419	0.272199	0.176399	-0.166619	-0.063267	-0.996124	-0.061112	-0.954574	0.042534	0.294922	-0.291180	0.076994	-0.953565	
0.400000	0.000000	0.000000	0.000000	0.866851	-0.498567	0.000000	0.498567	0.866851	0.000000	0.000000	0.000000	1.000000	0.000000	0.000000	0.000000	0.825192	-0.265498	0.498567	0.474607	-0.152700	-0.866851	0.306279	0.951942	0.000000	0.151835	0.087328	0.056355	0.844412	0.195956	-0.498567	0.485661	0.112704	0.866851	0.226055	-0.974115	-0.000000	0.277217	0.159441	-0.111288	0.780841	-0.593202	0.195956	-0.618855	-0.777378	0.112704	0.085476	-0.209272	-0.974115	0.277217	0.159441	-0.111288	0.803416	-0.051328	0.593202	-0.555071	0.295940	0.777378	-0.215453	-0.953827	0.209272	0.274240	0.176605	-0.166609	-0.065075	-0.996559	-0.051328	-0.954047	0.047057	0.295940	-0.292506	0.068227	-0.953827	
0.410000	0.000000	0.000000	0.000000	0.867659	-0.497159	0.000000	0.497159	0.867659	0.000000	0.000000	0.000000	1.000000	0.000000	0.000000	0.000000	0.827334	-0.261440	0.497159	0.474053	-0.149802	-0.867659	0.301316	0.953524	0.000000	0.152230	0.087226	0.055442	0.843928	0.201542	-0.497159	0.483561	0.115481	0.867659	0.232282	-0.972648	-0.000000	0.278656	0.159667	-0.111272	0.778272	-0.594705	0.201542	-0.621810	-0.774607	0.115481	0.087438	-0.215196	-0.972648	0.278656	0.159667	-0.111272	0.802870	-0.041551	0.594705	-0.558403	0.296933	0.774607	-0.208773	-0.953994	0.215196	0.276246	0.176889	-0.166604	-0.066635	-0.996912	-0.041551	-0.953516	0.051358	0.296933	-0.293882	0.059406	-0.953994	
0.420000	0.000000	0.000000	0.000000	0.868320	-0.496004	0.000000	0.496004	0.868320	0.000000	0.000000	0.000000	1.000000	0.000000	0.000000	0.000000	0.829352	-0.257206	0.496004	0.473745	-0.146922	-0.868320	0.296211	0.955122	0.000000	0.152601	0.087169	0.054503	0.843248	0.207154	-0.496004	0.481682	0.118331	0.868320	0.238568	-0.971126	-0.000000	0.280058	0.159975	-0.111265	0.775845	-0.595946	0.207154	-0.624558	-0.771962	0.118331	0.089396	-0.221186	-0.971126	0.280058	0.159975	-0.111265	0.802395	-0.031796	0.595946	-0.561538	0.297909	0.771962	-0.202084	-0.954064	0.221186	0.278213	0.177254	-0.166601	-0.067935	-0.997183	-0.031796	-0.952984	0.055425	0.297909	-0.295308	0.050540	-0.954064	
0.430000	0.000000	0.000000	0.000000	0.868830	-0.495110	0.000000	0.495110	0.868830	0.000000	0.000000	0.000000	1.000000	0.000000	0.000000	0.000000	0.831239	-0.252801	0.495110	0.473688	-0.144060	-0.868830	0.290967	0.956733	0.000000	0.152948	0.087159	0.053538	0.842371	0.212783	-0.495110	0.480032	0.121256	0.868830	0.244908	-0.969546	-0.000000	0.281418	0.160368	-0.111268	0.773571	-0.596918	0.212783	-0.627092	-0.769450	0.121256	0.091346	-0.227235	-0.969546	0.281418	0.160368	-0.111268	0.801998	-0.022078	0.596918	-0.564465	0.298875	0.769450	-0.195392	-0.954037	0.227235	0.280137	0.177703	-0.166602	-0.068968	-0.997375	-0.022078	-0.952451	0.059246	0.298875	-0.296782	0.041641	-0.954037	
0.440000	0.000000	0.000000	0.000000	0.869186	-0.494485	0.000000	0.494485	0.869186	0.000000	0.000000	0.000000	1.000000	0.000000	0.000000	0.000000	0.832987	-0.248227	0.494485	0.473891	-0.141218	-0.869186	0.285586	0.958353	0.000000	0.153270	0.087196	0.052548	0.841295	0.218421	-0.494485	0.478617	0.124261	0.869186	0.251293	-0.967911	-0.000000	0.282734	0.160849	-0.111280	0.771458	-0.597616	0.218421	-0.629404	-0.767078	0.124261	0.093286	-0.233337	-0.967911	0.282734	0.160849	-0.111280	0.801687	-0.012410	0.597616	-0.567176	0.299837	0.767078	-0.188707	-0.953910	0.233337	0.282014	0.178239	-0.166606	-0.069723	-0.997489	-0.012410	-0.951921	0.062808	0.299837	-0.298305	0.032719	-0.953910	
0.450000	0.000000	0.000000	0.000000	0.869384	-0.494136	0.000000	0.494136	0.869384	0.000000	0.000000	0.000000	1.000000	0.000000	0.000000	0.000000	0.834591	-0.243491	0.494136	0.474361	-0.138394	-0.869384	0.280073	0.959979	0.000000	0.153565	0.087282	0.051533	0.840017	0.224057	-0.494136	0.477444	0.127348	0.869384	0.257719	-0.966220	-0.000000	0.284001	0.161419	-0.111301	0.769517	-0.598032	0.224057	-0.631489	-0.764856	0.127348	0.095213	-0.239486	-0.966220	0.284001	0.161419	-0.111301	0.801467	-0.002807	0.598032	-0.569660	0.300805	0.764856	-0.182038	-0.953682	0.239486	0.283839	0.178866	-0.166614	-0.070192	-0.997530	-0.002807	-0.951392	0.066099	0.300805	-0.299876	0.023785	-0.953682	
0.460000	0.000000	0.000000	0.000000	0.869421	-0.494073	0.000000	0.494073	0.869421	0.000000	0.000000	0.000000	1.000000	0.000000	0.000000	0.000000	0.836041	-0.238596	0.494073	0.475104	-0.135589	-0.869421	0.274431	0.961607	0.000000	0.153832	0.087419	0.050495	0.838533	0.229682	-0.494073	0.476520	0.130523	0.869421	0.264178	-0.964474	-0.000000	0.285218	0.162083	-0.111331	0.767756	-0.598161	0.229682	-0.633339	-0.762788	0.130523	0.097125	-0.245677	-0.964474	0.285218	0.162083	-0.111331	0.801347	0.006718	0.598161	-0.571909	0.301785	0.762788	-0.175392	-0.953352	0.245677	0.285608	0.179587	-0.166626	-0.070366	-0.997499	0.006718	-0.950868	0.069109	0.301785	-0.301494	0.014848	-0.953352	
0.470000	0.000000	0.000000	0.000000	0.869291	-0.494300	0.000000	0.494300	0.869291	0.000000	0.000000	0.000000	1.000000	0.000000	0.000000	0.000000	0.837331	-0.233547	0.494300	0.476127	-0.132800	-0.869291	0.268663	0.963234	0.000000	0.154069	0.087607	0.049434	0.836843	0.235287	-0.494300	0.475850	0.133790	0.869291	0.270666	-0.962673	-0.000000	0.286380	0.162843	-0.111371	0.766184	-0.597998	0.235287	-0.634947	-0.760883	0.133790	0.099020	-0.251903	-0.962673	0.286380	0.162843	-0.111371	0.801335	0.016151	0.597998	-0.573914	0.302787	0.760883	-0.168777	-0.952921	0.251903	0.287317	0.180404	-0.166641	-0.070235	-0.997400	0.016151	-0.950348	0.071825	0.302787	-0.303160	0.005917	-0.952921	
0.480000	0.000000	0.000000	0.000000	0.868992	-0.494826	0.000000	0.494826	0.868992	0.000000	0.000000	0.000000	1.000000	0.000000	0.000000	0.000000	0.838453	-0.228350	0.494826	0.477437	-0.130028	-0.868992	0.262775	0.964857	0.000000	0.154275	0.087848	0.048351	0.834944	0.240863	-0.494826	0.475439	0.137154	0.868992	0.277175	-0.960819	-0.000000	0.287484	0.163701	-0.111421	0.764810	-0.597538	0.240863	-0.636307	-0.759146	0.137154	0.100896	-0.258159	-0.960819	0.287484	0.163701	-0.111421	0.801436	0.025479	0.597538	-0.575666	0.303819	0.759146	-0.162201	-0.952389	0.258159	0.288962	0.181322	-0.166659	-0.069793	-0.997236	0.025479	-0.949833	0.074238	0.303819	-0.304871	-0.002997	-0.952389	
0.490000	0.000000	0.000000	0.000000	0.868518	-0.495657	0.000000	0.495657	0.868518	0.000000	0.000000	0.000000	1.000000	0.000000	0.000000	0.000000	0.839399	-0.223010	0.495657	0.479039	-0.127270	-0.868518	0.256770	0.966473	0.000000	0.154449	0.088143	0.047246	0.832833	0.246400	-0.495657	0.475292	0.140619	0.868518	0.283702	-0.958913	-0.000000	0.288526	0.164660	-0.111480	0.763641	-0.596774	0.246400	-0.637413	-0.757583	0.140619	0.102751	-0.264441	-0.958913	0.288526	0.164660	-0.111480	0.801659	0.034690	0.596774	-0.577156	0.304892	0.757583	-0.155671	-0.951755	0.264441	0.290538	0.182343	-0.166682	-0.069030	-0.997011	0.034690	-0.949323	0.076337	0.304892	-0.306629	-0.011886	-0.951755	
0.500000	0.000000	0.000000	0.000000	0.867865	-0.496799	0.000000	0.496799	0.867865	0.000000	0.000000	0.000000	1.000000	0.000000	0.000000	0.000000	0.840161	-0.217532	0.496799	0.480940	-0.124524	-0.867865	0.250652	0.968077	0.000000	0.154590	0.088493	0.046120	0.830507	0.251890	-0.496799	0.475414	0.144191	0.867865	0.290240	-0.956954	-0.000000	0.289502	0.165722	-0.111548	0.762686	-0.595703	0.251890	-0.638257	-0.756199	0.144191	0.104584	-0.270743	-0.956954	0.289502	0.165722	-0.111548	0.802011	0.043772	0.595703	-0.578376	0.306014	0.756199	-0.149193	-0.951020	0.270743	0.292041	0.183471	-0.166707	-0.067938	-0.996729	0.043772	-0.948817	0.078111	0.306014	-0.308432	-0.020742	-0.951020	
0.510000	0.000000	0.000000	0.000000	0.867029	-0.498258	0.000000	0.498258	0.867029	0.000000	0.000000	0.000000	1.000000	0.000000	0.000000	0.000000	0.840730	-0.211923	0.498258	0.483145	-0.121787	-0.867029	0.244425	0.969668	0.000000	0.154694	0.088899	0.044974	0.827964	0.257322	-0.498258	0.475809	0.147876	0.867029	0.296786	-0.954944	-0.000000	0.290410	0.166891	-0.111626	0.761952	-0.594318	0.257322	-0.638834	-0.754999	0.147876	0.106392	-0.277061	-0.954944	0.290410	0.166891	-0.111626	0.802501	0.052712	0.594318	-0.579317	0.307194	0.754999	-0.142774	-0.950186	0.277061	0.293467	0.184708	-0.166737	-0.066509	-0.996393	0.052712	-0.948316	0.079551	0.307194	-0.310280	-0.029557	-0.950186	
0.520000	0.000000	0.000000	0.000000	0.866002	-0.500040	0.000000	0.500040	0.866002	0.000000	0.000000	0.000000	1.000000	0.000000	0.000000	0.000000	0.841098	-0.206189	0.500040	0.485660	-0.119056	-0.866002	0.238093	0.971242	0.000000	0.154762	0.089361	0.043809	0.825200	0.262689	-0.500040	0.476480	0.151680	0.866002	0.303335	-0.952884	-0.000000	0.291245	0.168168	-0.111713	0.761446	-0.592616	0.262689	-0.639138	-0.753987	0.151680	0.108176	-0.283390	-0.952884	0.291245	0.168168	-0.111713	0.803134	0.061500	0.592616	-0.579971	0.308444	0.753987	-0.136419	-0.949252	0.283390	0.294812	0.186058	-0.166769	-0.064734	-0.996006	0.061500	-0.947817	0.080648	0.308444	-0.312172	-0.038324	-0.949252	
0.530000	0.000000	0.000000	0.000000	0.864781	-0.502150	0.000000	0.502150	0.864781	0.000000	0.000000	0.000000	1.000000	0.000000	0.000000	0.000000	0.841256	-0.200334	0.502150	0.488490	-0.116327	-0.864781	0.231659	0.972797	0.000000	0.154791	0.089882	0.042625	0.822211	0.267981	-0.502150	0.477431	0.155608	0.864781	0.309883	-0.950775	-0.000000	0.292003	0.169557	-0.111809	0.761176	-0.590591	0.267981	-0.639161	-0.753167	0.155608	0.109934	-0.289728	-0.950775	0.292003	0.169557	-0.111809	0.803918	0.070125	0.590591	-0.580328	0.309773	0.753167	-0.130134	-0.948221	0.289728	0.296070	0.187524	-0.166805	-0.062606	-0.995572	0.070125	-0.947320	0.081392	0.309773	-0.314109	-0.047037	-0.948221	
0.540000	0.000000	0.000000	0.000000	0.863357	-0.504593	0.000000	0.504593	0.863357	0.000000	0.000000	0.000000	1.000000	0.000000	0.000000	0.000000	0.841194	-0.194364	0.504593	0.491640	-0.113597	-0.863357	0.225126	0.974330	0.000000	0.154780	0.090462	0.041423	0.818995	0.273190	-0.504593	0.478666	0.159667	0.863357	0.316428	-0.948617	-0.000000	0.292682	0.171059	-0.111914	0.761146	-0.588238	0.273190	-0.638896	-0.752541	0.159667	0.111664	-0.296070	-0.948617	0.292682	0.171059	-0.111914	0.804861	0.078576	0.588238	-0.580381	0.311192	0.752541	-0.123923	-0.947093	0.296070	0.297239	0.189108	-0.166845	-0.060117	-0.995094	0.078576	-0.946822	0.081774	0.311192	-0.316091	-0.055690	-0.947093	
0.550000	0.000000	0.000000	0.000000	0.861728	-0.507371	0.000000	0.507371	0.861728	0.000000	0.000000	0.000000	1.000000	0.000000	0.000000	0.000000	0.840906	-0.188285	0.507371	0.495111	-0.110859	-0.861728	0.218497	0.975838	0.000000	0.154727	0.091100	0.040204	0.815548	0.278309	-0.507371	0.480181	0.163864	0.861728	0.322966	-0.946410	-0.000000	0.293277	0.172676	-0.112027	0.761359	-0.585557	0.278309	-0.638342	-0.752109	0.163864	0.113367	-0.302416	-0.946410	0.293277	0.172676	-0.112027	0.805966	0.086849	0.585557	-0.580125	0.312708	0.752109	-0.117789	-0.945870	0.302416	0.298314	0.190814	-0.166888	-0.057264	-0.994574	0.086849	-0.946321	0.081792	0.312708	-0.318115	-0.064280	-0.945870	
0.560000	0.000000	0.000000	0.000000	0.859899	-0.510463	0.000000	0.510463	0.859899	0.000000	0.000000	0.000000	1.000000	0.000000	0.000000	0.000000	0.840396	-0.182105	0.510463	0.498885	-0.108103	-0.859899	0.211775	0.977318	0.000000	0.154633	0.091795	0.038967	0.811880	0.283335	-0.510463	0.481957	0.168197	0.859899	0.329498	-0.944156	-0.000000	0.293790	0.174403	-0.112150	0.761804	-0.582560	0.283335	-0.637511	-0.751857	0.168197	0.115043	-0.308762	-0.944156	0.293790	0.174403	-0.112150	0.807223	0.094948	0.582560	-0.579576	0.314327	0.751857	-0.111727	-0.944554	0.308762	0.299297	0.192634	-0.166934	-0.054063	-0.994013	0.094948	-0.945813	0.081466	0.314327	-0.320181	-0.072810	-0.944554	
0.570000	0.000000	0.000000	0.000000	0.857881	-0.513849	0.000000	0.513849	0.857881	0.000000	0.000000	0.000000	1.000000	0.000000	0.000000	0.000000	0.839668	-0.175831	0.513849	0.502940	-0.105318	-0.857881	0.204960	0.978770	0.000000	0.154499	0.092541	0.037713	0.807999	0.288266	-0.513849	0.483971	0.172664	0.857881	0.336021	-0.941854	-0.000000	0.294223	0.176232	-0.112281	0.762465	-0.579267	0.288266	-0.636420	-0.751769	0.172664	0.116691	-0.315109	-0.941854	0.294223	0.176232	-0.112281	0.808619	0.102883	0.579267	-0.578753	0.316051	0.751769	-0.105733	-0.943147	0.315109	0.300190	0.194563	-0.166983	-0.050537	-0.993409	0.102883	-0.945293	0.080822	0.316051	-0.322283	-0.081282	-0.943147	
