# time	B0_r_i(1)	B0_r_i(2)	B0_r_i(3)	0_A_i(1,1)	0_A_i(1,2)	0_A_i(1,3)	0_A_i(2,1)	...
0.000000	0.000000	0.000000	0.000000	0.789785	-0.613384	0.000000	0.613384	0.789785	0.000000	0.000000	0.000000	1.000000	0.000000	0.000000	0.000000	0.726983	-0.308637	0.613384	0.564609	-0.239702	-0.789785	0.390786	0.920482	0.000000	0.133765	0.103888	0.071905	0.786776	0.068872	-0.613384	0.611047	0.053489	0.789785	0.087203	-0.996191	-0.000000	0.228302	0.177310	-0.114367	0.882166	-0.465876	0.068872	-0.469578	-0.881269	0.053489	0.035775	-0.079527	-0.996191	0.228302	0.177310	-0.114367	0.830853	-0.304372	0.465876	-0.404760	0.243996	0.881269	-0.381906	-0.920773	0.079527	0.210648	0.191461	-0.167772	0.056891	-0.950853	-0.304372	-0.960255	-0.135558	0.243996	-0.273264	0.278394	-0.920773	
0.010000	0.000000	0.000000	0.000000	0.790473	-0.612496	0.000000	0.612496	0.790473	0.000000	0.000000	0.000000	1.000000	0.000000	0.000000	0.000000	0.728043	-0.307898	0.612496	0.564122	-0.238574	-0.790473	0.389511	0.921022	0.000000	0.133960	0.103799	0.071670	0.787449	0.069085	-0.612496	0.610153	0.053531	0.790473	0.087397	-0.996174	-0.000000	0.228608	0.177136	-0.114578	0.880830	-0.468365	0.069085	-0.472084	-0.879927	0.053531	0.035718	-0.079765	-0.996174	0.228608	0.177136	-0.114578	0.831194	-0.299584	0.468365	-0.408208	0.243094	0.879927	-0.377469	-0.922580	0.079765	0.211232	0.191236	-0.168088	0.054980	-0.952484	-0.299584	-0.960989	-0.131931	0.243094	-0.271068	0.274532	-0.922580	
0.020000	0.000000	0.000000	0.000000	0.792533	-0.609829	0.000000	0.609829	0.792533	0.000000	0.000000	0.000000	1.000000	0.000000	0.000000	0.000000	0.731215	-0.305667	0.609829	0.562647	-0.235201	-0.792533	0.385684	0.922631	0.000000	0.134544	0.103527	0.070966	0.789460	0.069727	-0.609829	0.607464	0.053653	0.792533	0.087980	-0.996122	-0.000000	0.229524	0.176612	-0.115212	0.877595	-0.474305	0.069727	-0.478074	-0.876679	0.053653	0.035680	-0.080420	-0.996122	0.229524	0.176612	-0.115212	0.831365	-0.289596	0.474305	-0.415987	0.241636	0.876679	-0.368493	-0.926146	0.080420	0.212728	0.190627	-0.168929	0.050074	-0.955838	-0.289596	-0.962459	-0.123631	0.241636	-0.266768	0.266625	-0.926146	
0.030000	0.000000	0.000000	0.000000	0.795920	-0.605402	0.000000	0.605402	0.795920	0.000000	0.000000	0.000000	1.000000	0.000000	0.000000	0.000000	0.736447	-0.301885	0.605402	0.560165	-0.229623	-0.795920	0.379290	0.925278	0.000000	0.135506	0.103070	0.069789	0.792765	0.070798	-0.605402	0.603002	0.053851	0.795920	0.088951	-0.996036	-0.000000	0.231037	0.175734	-0.116272	0.873239	-0.482123	0.070798	-0.485977	-0.872311	0.053851	0.035795	-0.081431	-0.996036	0.231037	0.175734	-0.116272	0.830560	-0.278798	0.482123	-0.425503	0.240874	0.872311	-0.359329	-0.929651	0.081431	0.214867	0.189705	-0.170192	0.043061	-0.959384	-0.278798	-0.963925	-0.113263	0.240874	-0.262668	0.258368	-0.929651	
0.040000	0.000000	0.000000	0.000000	0.799932	-0.600090	0.000000	0.600090	0.799932	0.000000	0.000000	0.000000	1.000000	0.000000	0.000000	0.000000	0.742750	-0.297009	0.600090	0.557193	-0.222809	-0.799932	0.371292	0.928516	0.000000	0.136666	0.102524	0.068318	0.796587	0.073086	-0.600090	0.597580	0.054827	0.799932	0.091365	-0.995817	-0.000000	0.233039	0.174820	-0.117452	0.868235	-0.490741	0.073086	-0.494811	-0.867270	0.054827	0.036479	-0.083766	-0.995817	0.233039	0.174820	-0.117452	0.829494	-0.266670	0.490741	-0.435604	0.241025	0.867270	-0.349556	-0.933163	0.083766	0.217572	0.188800	-0.171575	0.035233	-0.963144	-0.266670	-0.965140	-0.102040	0.241025	-0.259353	0.248882	-0.933163	
0.050000	0.000000	0.000000	0.000000	0.803909	-0.594752	0.000000	0.594752	0.803909	0.000000	0.000000	0.000000	1.000000	0.000000	0.000000	0.000000	0.749085	-0.291790	0.594752	0.554192	-0.215874	-0.803909	0.362964	0.931803	0.000000	0.137832	0.101971	0.066785	0.800149	0.077657	-0.594752	0.591971	0.057452	0.803909	0.096599	-0.995323	-0.000000	0.235468	0.174205	-0.118348	0.863055	-0.499104	0.077657	-0.503658	-0.861991	0.057452	0.038265	-0.088697	-0.995323	0.235468	0.174205	-0.118348	0.828966	-0.252408	0.499104	-0.445139	0.242535	0.861991	-0.338624	-0.936732	0.088697	0.220828	0.188272	-0.172679	0.027911	-0.967218	-0.252408	-0.965850	-0.091164	0.242535	-0.257595	0.237019	-0.936732	
0.060000	0.000000	0.000000	0.000000	0.807850	-0.589388	0.000000	0.589388	0.807850	0.000000	0.000000	0.000000	1.000000	0.000000	0.000000	0.000000	0.755352	-0.286470	0.589388	0.551087	-0.209001	-0.807850	0.354607	0.935015	0.000000	0.138985	0.101400	0.065248	0.803387	0.084801	-0.589388	0.586132	0.061869	0.807850	0.104971	-0.994475	-0.000000	0.238355	0.173898	-0.118857	0.857677	-0.507148	0.084801	-0.512532	-0.856436	0.061869	0.041250	-0.096527	-0.994475	0.238355	0.173898	-0.118857	0.828999	-0.235715	0.507148	-0.454112	0.245559	0.856436	-0.326409	-0.940287	0.096527	0.224683	0.188140	-0.173394	0.021159	-0.971592	-0.235715	-0.966024	-0.080612	0.245559	-0.257584	0.222510	-0.940287	
0.070000	0.000000	0.000000	0.000000	0.811755	-0.583998	0.000000	0.583998	0.811755	0.000000	0.000000	0.000000	1.000000	0.000000	0.000000	0.000000	0.761550	-0.281048	0.583998	0.547879	-0.202193	-0.811755	0.346222	0.938153	0.000000	0.140125	0.100810	0.063705	0.806230	0.094548	-0.583998	0.580023	0.068020	0.811755	0.116474	-0.993194	-0.000000	0.241698	0.173884	-0.118964	0.852075	-0.514809	0.094548	-0.521446	-0.850569	0.068020	0.045402	-0.107260	-0.993194	0.241698	0.173884	-0.118964	0.829508	-0.216536	0.514809	-0.462602	0.250064	0.850569	-0.312914	-0.943706	0.107260	0.229139	0.188388	-0.173699	0.014989	-0.976160	-0.216536	-0.965674	-0.070298	0.250064	-0.259324	0.205355	-0.943706	
0.080000	0.000000	0.000000	0.000000	0.815625	-0.578581	0.000000	0.578581	0.815625	0.000000	0.000000	0.000000	1.000000	0.000000	0.000000	0.000000	0.767678	-0.275525	0.578581	0.544569	-0.195450	-0.815625	0.337809	0.941215	0.000000	0.141253	0.100201	0.062157	0.808654	0.106411	-0.578581	0.573636	0.075485	0.815625	0.130465	-0.991453	-0.000000	0.245401	0.174080	-0.118730	0.846245	-0.522059	0.106411	-0.530400	-0.844380	0.075485	0.050444	-0.120319	-0.991453	0.245401	0.174080	-0.118730	0.830247	-0.195308	0.522059	-0.470802	0.255671	0.844380	-0.298389	-0.946830	0.120319	0.234073	0.188909	-0.173646	0.009287	-0.980698	-0.195308	-0.964897	-0.060054	0.255671	-0.262465	0.186078	-0.946830	
0.090000	0.000000	0.000000	0.000000	0.819458	-0.573139	0.000000	0.573139	0.819458	0.000000	0.000000	0.000000	1.000000	0.000000	0.000000	0.000000	0.773733	-0.269904	0.573139	0.541159	-0.188774	-0.819458	0.329369	0.944201	0.000000	0.142367	0.099573	0.060604	0.810753	0.119123	-0.573139	0.567051	0.083316	0.819458	0.145368	-0.989378	-0.000000	0.249223	0.174309	-0.118341	0.840228	-0.528986	0.119123	-0.539360	-0.837943	0.083316	0.055745	-0.134255	-0.989378	0.249223	0.174309	-0.118341	0.830763	-0.173224	0.528986	-0.479035	0.261489	0.837943	-0.283476	-0.949535	0.134255	0.239176	0.189476	-0.173414	0.003736	-0.984875	-0.173224	-0.963929	-0.049649	0.261489	-0.266134	0.165999	-0.949535	
0.100000	0.000000	0.000000	0.000000	0.823255	-0.567672	0.000000	0.567672	0.823255	0.000000	0.000000	0.000000	1.000000	0.000000	0.000000	0.000000	0.779715	-0.264184	0.567672	0.537649	-0.182167	-0.823255	0.320902	0.947112	0.000000	0.143468	0.098927	0.059046	0.812617	0.131917	-0.567672	0.560337	0.090963	0.823255	0.160238	-0.987078	-0.000000	0.253023	0.174471	-0.117917	0.834060	-0.535670	0.131917	-0.548298	-0.831321	0.090963	0.060939	-0.148198	-0.987078	0.253023	0.174471	-0.117917	0.830813	-0.151023	0.535670	-0.487466	0.266988	0.831321	-0.268566	-0.951793	0.148198	0.244263	0.189956	-0.173121	-0.001861	-0.988528	-0.151023	-0.962911	-0.038977	0.266988	-0.269811	0.145919	-0.951793	
0.110000	0.000000	0.000000	0.000000	0.827015	-0.562180	0.000000	0.562180	0.827015	0.000000	0.000000	0.000000	1.000000	0.000000	0.000000	0.000000	0.785621	-0.258368	0.562180	0.534041	-0.175631	-0.827015	0.312410	0.949947	0.000000	0.144554	0.098264	0.057483	0.814242	0.144787	-0.562180	0.553497	0.098422	0.827015	0.175072	-0.984556	-0.000000	0.256800	0.174564	-0.117457	0.827742	-0.542106	0.144787	-0.557210	-0.824518	0.098422	0.066025	-0.162145	-0.984556	0.256800	0.174564	-0.117457	0.830393	-0.128719	0.542106	-0.496083	0.272161	0.824518	-0.253671	-0.953604	0.162145	0.249334	0.190350	-0.172766	-0.007504	-0.991653	-0.128719	-0.961843	-0.028049	0.272161	-0.273500	0.125850	-0.953604	
0.120000	0.000000	0.000000	0.000000	0.830739	-0.556662	0.000000	0.556662	0.830739	0.000000	0.000000	0.000000	1.000000	0.000000	0.000000	0.000000	0.791450	-0.252456	0.556662	0.530335	-0.169166	-0.830739	0.303893	0.952706	0.000000	0.145627	0.097582	0.055916	0.815628	0.157729	-0.556662	0.546536	0.105691	0.830739	0.189866	-0.981810	-0.000000	0.260551	0.174591	-0.116962	0.821278	-0.548292	0.157729	-0.566093	-0.817537	0.105691	0.071000	-0.176092	-0.981810	0.260551	0.174591	-0.116962	0.829500	-0.106324	0.548292	-0.504879	0.277001	0.817537	-0.238802	-0.954969	0.176092	0.254385	0.190657	-0.172350	-0.013191	-0.994244	-0.106324	-0.960721	-0.016876	0.277001	-0.277201	0.105802	-0.954969	
0.130000	0.000000	0.000000	0.000000	0.834426	-0.551120	0.000000	0.551120	0.834426	0.000000	0.000000	0.000000	1.000000	0.000000	0.000000	0.000000	0.797201	-0.246449	0.551120	0.526534	-0.162774	-0.834426	0.295351	0.955389	0.000000	0.146685	0.096882	0.054345	0.816771	0.170738	-0.551120	0.539459	0.112769	0.834426	0.204618	-0.978842	-0.000000	0.264277	0.174549	-0.116433	0.814668	-0.554224	0.170738	-0.574944	-0.810384	0.112769	0.075864	-0.190034	-0.978842	0.264277	0.174549	-0.116433	0.828133	-0.083853	0.554224	-0.513842	0.281502	0.810384	-0.223969	-0.955890	0.190034	0.259414	0.190876	-0.171874	-0.018922	-0.996298	-0.083853	-0.959545	-0.005469	0.281502	-0.280919	0.085787	-0.955890	
0.140000	0.000000	0.000000	0.000000	0.838076	-0.545554	0.000000	0.545554	0.838076	0.000000	0.000000	0.000000	1.000000	0.000000	0.000000	0.000000	0.802872	-0.240348	0.545554	0.522638	-0.156457	-0.838076	0.286786	0.957995	0.000000	0.147729	0.096165	0.052769	0.817671	0.183809	-0.545554	0.532271	0.119652	0.838076	0.219323	-0.975652	-0.000000	0.267975	0.174441	-0.115869	0.807915	-0.559900	0.183809	-0.583759	-0.803062	0.119652	0.080617	-0.203969	-0.975652	0.267975	0.174441	-0.115869	0.826288	-0.061319	0.559900	-0.522963	0.285659	0.803062	-0.209183	-0.956368	0.203969	0.264419	0.191009	-0.171338	-0.024694	-0.997813	-0.061319	-0.958312	0.006162	0.285659	-0.284656	0.065816	-0.956368	
0.150000	0.000000	0.000000	0.000000	0.841689	-0.539963	0.000000	0.539963	0.841689	0.000000	0.000000	0.000000	1.000000	0.000000	0.000000	0.000000	0.808462	-0.234156	0.539963	0.518647	-0.150216	-0.841689	0.278198	0.960524	0.000000	0.148757	0.095431	0.051188	0.818325	0.196936	-0.539963	0.524975	0.126339	0.841689	0.233978	-0.972242	-0.000000	0.271644	0.174266	-0.115271	0.801021	-0.565316	0.196936	-0.592535	-0.795576	0.126339	0.085256	-0.217892	-0.972242	0.271644	0.174266	-0.115271	0.823965	-0.038735	0.565316	-0.532231	0.289464	0.795576	-0.194455	-0.956405	0.217892	0.269397	0.191055	-0.170743	-0.030507	-0.998784	-0.038735	-0.957020	0.018005	0.289464	-0.288414	0.045901	-0.956405	
0.160000	0.000000	0.000000	0.000000	0.845264	-0.534348	0.000000	0.534348	0.845264	0.000000	0.000000	0.000000	1.000000	0.000000	0.000000	0.000000	0.813969	-0.227872	0.534348	0.514565	-0.144053	-0.845264	0.269587	0.962976	0.000000	0.149770	0.094680	0.049604	0.818733	0.210116	-0.534348	0.517576	0.132828	0.845264	0.248580	-0.968611	-0.000000	0.275283	0.174025	-0.114640	0.793987	-0.570470	0.210116	-0.601268	-0.787930	0.132828	0.089782	-0.231800	-0.968611	0.275283	0.174025	-0.114640	0.821161	-0.016115	0.570470	-0.541635	0.292913	0.787930	-0.179796	-0.956003	0.231800	0.274348	0.191014	-0.170088	-0.036359	-0.999209	-0.016115	-0.955667	0.030050	0.292913	-0.292197	0.026051	-0.956003	
0.170000	0.000000	0.000000	0.000000	0.848802	-0.528710	0.000000	0.528710	0.848802	0.000000	0.000000	0.000000	1.000000	0.000000	0.000000	0.000000	0.819392	-0.221499	0.528710	0.510391	-0.137969	-0.848802	0.260955	0.965351	0.000000	0.150768	0.093912	0.048016	0.818892	0.223342	-0.528710	0.510079	0.139117	0.848802	0.263126	-0.964761	-0.000000	0.278889	0.173717	-0.113976	0.786817	-0.575358	0.223342	-0.609956	-0.780128	0.139117	0.094193	-0.245689	-0.964761	0.278889	0.173717	-0.113976	0.817875	0.006526	0.575358	-0.551166	0.296001	0.780128	-0.165215	-0.955165	0.245689	0.279268	0.190885	-0.169375	-0.042248	-0.999086	0.006526	-0.954251	0.042285	0.296001	-0.296006	0.006278	-0.955165	
0.180000	0.000000	0.000000	0.000000	0.852199	-0.523218	0.000000	0.523218	0.852199	0.000000	0.000000	0.000000	1.000000	0.000000	0.000000	0.000000	0.824629	-0.215011	0.523218	0.506291	-0.132009	-0.852199	0.252302	0.967649	0.000000	0.151732	0.093158	0.046423	0.818702	0.236581	-0.523218	0.502652	0.145252	0.852199	0.277612	-0.960693	-0.000000	0.282428	0.173400	-0.113278	0.779635	-0.579826	0.236581	-0.618441	-0.772291	0.145252	0.098489	-0.259555	-0.960693	0.282428	0.173400	-0.113278	0.814220	0.029116	0.579826	-0.560650	0.298729	0.772291	-0.150725	-0.953894	0.259555	0.284117	0.190726	-0.168604	-0.047982	-0.998424	0.029116	-0.952781	0.054500	0.298729	-0.299845	-0.013408	-0.953894	
0.190000	0.000000	0.000000	0.000000	0.854643	-0.519216	0.000000	0.519216	0.854643	0.000000	0.000000	0.000000	1.000000	0.000000	0.000000	0.000000	0.828891	-0.208215	0.519216	0.503572	-0.126496	-0.854643	0.243628	0.969869	0.000000	0.152516	0.092657	0.044828	0.817387	0.249587	-0.519216	0.496582	0.151630	0.854643	0.292036	-0.956407	-0.000000	0.285626	0.173525	-0.112549	0.773432	-0.582674	0.249587	-0.625509	-0.765341	0.151630	0.102668	-0.273394	-0.956407	0.285626	0.173525	-0.112549	0.811093	0.051167	0.582674	-0.568806	0.301186	0.765341	-0.136334	-0.952192	0.273394	0.288593	0.190993	-0.167776	-0.052068	-0.997332	0.051167	-0.951339	0.065119	0.301186	-0.303715	-0.032995	-0.952192	
0.200000	0.000000	0.000000	0.000000	0.855446	-0.517893	0.000000	0.517893	0.855446	0.000000	0.000000	0.000000	1.000000	0.000000	0.000000	0.000000	0.831531	-0.200856	0.517893	0.503415	-0.121600	-0.855446	0.234797	0.972044	0.000000	0.153002	0.092628	0.043203	0.814340	0.261987	-0.517893	0.493007	0.158609	0.855446	0.306258	-0.951948	-0.000000	0.288228	0.174495	-0.111835	0.769126	-0.582931	0.261987	-0.630130	-0.760118	0.158609	0.106683	-0.287076	-0.951948	0.288228	0.174495	-0.111835	0.809315	0.072113	0.582931	-0.574540	0.303522	0.760118	-0.122118	-0.950092	0.287076	0.292411	0.192100	-0.166940	-0.053244	-0.995974	0.072113	-0.950042	0.072765	0.303522	-0.307547	-0.052349	-0.950092	
0.210000	0.000000	0.000000	0.000000	0.854620	-0.519254	0.000000	0.519254	0.854620	0.000000	0.000000	0.000000	1.000000	0.000000	0.000000	0.000000	0.832831	-0.191748	0.519254	0.506016	-0.116504	-0.854620	0.224367	0.974505	0.000000	0.153241	0.093107	0.041284	0.810005	0.272518	-0.519254	0.492148	0.165578	0.854620	0.318876	-0.947796	-0.000000	0.290085	0.176251	-0.111640	0.766896	-0.581037	0.272518	-0.632265	-0.756852	0.165578	0.110049	-0.299285	-0.947796	0.290085	0.176251	-0.111640	0.808936	0.089544	0.581037	-0.577504	0.306047	0.756852	-0.110053	-0.947796	0.299285	0.295278	0.194002	-0.166612	-0.051856	-0.994632	0.089544	-0.948895	0.077024	0.306047	-0.311301	-0.069098	-0.947796	
0.220000	0.000000	0.000000	0.000000	0.852152	-0.523294	0.000000	0.523294	0.852152	0.000000	0.000000	0.000000	1.000000	0.000000	0.000000	0.000000	0.832760	-0.180762	0.523294	0.511385	-0.111003	-0.852152	0.212124	0.977243	0.000000	0.153228	0.094095	0.039031	0.804501	0.280965	-0.523294	0.494032	0.172536	0.852152	0.329712	-0.944082	-0.000000	0.291160	0.178797	-0.112049	0.766799	-0.577129	0.280965	-0.631913	-0.755591	0.172536	0.112719	-0.309846	-0.944082	0.291160	0.178797	-0.112049	0.810117	0.103113	0.577129	-0.577608	0.308951	0.755591	-0.100393	-0.945472	0.309846	0.297141	0.196716	-0.166886	-0.047929	-0.993514	0.103113	-0.947891	0.077793	0.308951	-0.314969	-0.082933	-0.945472	
0.230000	0.000000	0.000000	0.000000	0.848006	-0.529987	0.000000	0.529987	0.848006	0.000000	0.000000	0.000000	1.000000	0.000000	0.000000	0.000000	0.830958	-0.169183	0.529987	0.519333	-0.105736	-0.848006	0.199507	0.979896	0.000000	0.152896	0.095557	0.036709	0.797432	0.288472	-0.529987	0.498380	0.180289	0.848006	0.340177	-0.940362	-0.000000	0.291572	0.182227	-0.112563	0.768706	-0.570855	0.288472	-0.629144	-0.756091	0.180289	0.115192	-0.320080	-0.940362	0.291572	0.182227	-0.112563	0.812932	0.115177	0.570855	-0.575179	0.312243	0.756091	-0.091161	-0.942995	0.320080	0.298252	0.200337	-0.167257	-0.041129	-0.992493	0.115177	-0.946999	0.075479	0.312243	-0.318592	-0.096230	-0.942995	
0.240000	0.000000	0.000000	0.000000	0.842738	-0.538325	0.000000	0.538325	0.842738	0.000000	0.000000	0.000000	1.000000	0.000000	0.000000	0.000000	0.827895	-0.157471	0.538325	0.528843	-0.100589	-0.842738	0.186856	0.982387	0.000000	0.152333	0.097307	0.034382	0.789245	0.295463	-0.538325	0.504155	0.188736	0.842738	0.350599	-0.936526	-0.000000	0.291536	0.186227	-0.113066	0.771838	-0.562998	0.295463	-0.624852	-0.757587	0.188736	0.117581	-0.330295	-0.936526	0.291536	0.186227	-0.113066	0.816717	0.126518	0.562998	-0.571180	0.315936	0.757587	-0.082023	-0.940307	0.330295	0.298874	0.204552	-0.167604	-0.032473	-0.991433	0.126518	-0.946097	0.071305	0.315936	-0.322250	-0.109439	-0.940307	
0.250000	0.000000	0.000000	0.000000	0.837159	-0.546960	0.000000	0.546960	0.837159	0.000000	0.000000	0.000000	1.000000	0.000000	0.000000	0.000000	0.824363	-0.145812	0.546960	0.538599	-0.095266	-0.837159	0.174174	0.984715	0.000000	0.151683	0.099102	0.032048	0.780713	0.302197	-0.546960	0.510080	0.197441	0.837159	0.360979	-0.932574	-0.000000	0.291327	0.190339	-0.113556	0.775201	-0.554744	0.302197	-0.620235	-0.759161	0.197441	0.119887	-0.340489	-0.932574	0.291327	0.190339	-0.113556	0.820562	0.137613	0.554744	-0.566880	0.319878	0.759161	-0.072980	-0.937412	0.340489	0.299308	0.208892	-0.167926	-0.023450	-0.990208	0.137613	-0.945099	0.066836	0.319878	-0.325943	-0.122556	-0.937412	
0.260000	0.000000	0.000000	0.000000	0.831492	-0.555537	0.000000	0.555537	0.831492	0.000000	0.000000	0.000000	1.000000	0.000000	0.000000	0.000000	0.820582	-0.134256	0.555537	0.548248	-0.089699	-0.831492	0.161463	0.986879	0.000000	0.150987	0.100878	0.029709	0.772046	0.308744	-0.555537	0.515820	0.206278	0.831492	0.371314	-0.928507	-0.000000	0.291022	0.194438	-0.114033	0.778530	-0.546413	0.308744	-0.615614	-0.760572	0.206278	0.122109	-0.350661	-0.928507	0.291022	0.194438	-0.114033	0.824230	0.148585	0.546413	-0.562623	0.324016	0.760572	-0.064037	-0.934310	0.350661	0.299640	0.213231	-0.168223	-0.014458	-0.988794	0.148585	-0.943985	0.062492	0.324016	-0.329671	-0.135578	-0.934310	
0.270000	0.000000	0.000000	0.000000	0.825737	-0.564056	0.000000	0.564056	0.825737	0.000000	0.000000	0.000000	1.000000	0.000000	0.000000	0.000000	0.816553	-0.122808	0.564056	0.557782	-0.083890	-0.825737	0.148726	0.988878	0.000000	0.150246	0.102632	0.027366	0.763250	0.315103	-0.564056	0.521371	0.215245	0.825737	0.381603	-0.924326	-0.000000	0.290621	0.198521	-0.114497	0.781829	-0.538009	0.315103	-0.610988	-0.761816	0.215245	0.124247	-0.360809	-0.924326	0.290621	0.198521	-0.114497	0.827725	0.159431	0.538009	-0.558413	0.328347	0.761816	-0.055197	-0.931005	0.360809	0.299868	0.217565	-0.168496	-0.005497	-0.987194	0.159431	-0.942758	0.058277	0.328347	-0.333434	-0.148500	-0.931005	
0.280000	0.000000	0.000000	0.000000	0.819895	-0.572515	0.000000	0.572515	0.819895	0.000000	0.000000	0.000000	1.000000	0.000000	0.000000	0.000000	0.812281	-0.111476	0.572515	0.567198	-0.077841	-0.819895	0.135964	0.990714	0.000000	0.149460	0.104364	0.025017	0.754329	0.321271	-0.572515	0.526731	0.224337	0.819895	0.391845	-0.920031	-0.000000	0.290125	0.202588	-0.114949	0.785098	-0.529534	0.321271	-0.606357	-0.762892	0.224337	0.126301	-0.370932	-0.920031	0.290125	0.202588	-0.114949	0.831051	0.170144	0.529534	-0.554253	0.332867	0.762892	-0.046463	-0.927497	0.370932	0.299993	0.221894	-0.168744	0.003431	-0.985413	0.170144	-0.941415	0.054195	0.332867	-0.337232	-0.161318	-0.927497	
0.290000	0.000000	0.000000	0.000000	0.813966	-0.580913	0.000000	0.580913	0.813966	0.000000	0.000000	0.000000	1.000000	0.000000	0.000000	0.000000	0.807767	-0.100263	0.580913	0.576489	-0.071556	-0.813966	0.123179	0.992385	0.000000	0.148629	0.106074	0.022665	0.745285	0.327246	-0.580913	0.531897	0.233549	0.813966	0.402039	-0.915623	-0.000000	0.289534	0.206635	-0.115387	0.788339	-0.520992	0.327246	-0.601721	-0.763797	0.233549	0.128272	-0.381027	-0.915623	0.289534	0.206635	-0.115387	0.834211	0.180720	0.520992	-0.550146	0.337570	0.763797	-0.037838	-0.923789	0.381027	0.300015	0.226214	-0.168967	0.012326	-0.983457	0.180720	-0.939958	0.050251	0.337570	-0.341067	-0.174030	-0.923789	
0.300000	0.000000	0.000000	0.000000	0.807951	-0.589250	0.000000	0.589250	0.807951	0.000000	0.000000	0.000000	1.000000	0.000000	0.000000	0.000000	0.803014	-0.089176	0.589250	0.585650	-0.065037	-0.807951	0.110373	0.993890	0.000000	0.147755	0.107760	0.020309	0.736125	0.333023	-0.589250	0.536866	0.242879	0.807951	0.412183	-0.911101	-0.000000	0.288848	0.210661	-0.115812	0.791552	-0.512387	0.333023	-0.597079	-0.764530	0.242879	0.130159	-0.391093	-0.911101	0.288848	0.210661	-0.115812	0.837209	0.191154	0.512387	-0.546096	0.342452	0.764530	-0.029325	-0.919884	0.391093	0.299935	0.230523	-0.169166	0.021187	-0.981331	0.191154	-0.938387	0.046446	0.342452	-0.344937	-0.186632	-0.919884	
0.310000	0.000000	0.000000	0.000000	0.801850	-0.597525	0.000000	0.597525	0.801850	0.000000	0.000000	0.000000	1.000000	0.000000	0.000000	0.000000	0.798026	-0.078220	0.597525	0.594675	-0.058288	-0.801850	0.097549	0.995231	0.000000	0.146837	0.109420	0.017949	0.726851	0.338602	-0.597525	0.541637	0.252320	0.801850	0.422276	-0.906467	-0.000000	0.288069	0.214664	-0.116224	0.794740	-0.503723	0.338602	-0.592431	-0.765088	0.252320	0.131961	-0.401128	-0.906467	0.288069	0.214664	-0.116224	0.840050	0.201442	0.503723	-0.542105	0.347509	0.765088	-0.020927	-0.915783	0.401128	0.299752	0.234819	-0.169339	0.030013	-0.979041	0.201442	-0.936700	0.042786	0.347509	-0.348844	-0.199121	-0.915783	
0.320000	0.000000	0.000000	0.000000	0.795665	-0.605736	0.000000	0.605736	0.795665	0.000000	0.000000	0.000000	1.000000	0.000000	0.000000	0.000000	0.792806	-0.067400	0.605736	0.603559	-0.051312	-0.795665	0.084709	0.996406	0.000000	0.145876	0.111055	0.015587	0.717469	0.343980	-0.605736	0.546206	0.261870	0.795665	0.432317	-0.901722	-0.000000	0.287196	0.218641	-0.116622	0.797904	-0.495002	0.343980	-0.587775	-0.765470	0.261870	0.133680	-0.411130	-0.901722	0.287196	0.218641	-0.116622	0.842738	0.211578	0.495002	-0.538176	0.352736	0.765470	-0.012648	-0.911489	0.411130	0.299467	0.239099	-0.169489	0.038803	-0.976590	0.211578	-0.934898	0.039274	0.352736	-0.352788	-0.211492	-0.911489	
0.330000	0.000000	0.000000	0.000000	0.789396	-0.613884	0.000000	0.613884	0.789396	0.000000	0.000000	0.000000	1.000000	0.000000	0.000000	0.000000	0.787356	-0.056722	0.613884	0.612297	-0.044111	-0.789396	0.071855	0.997415	0.000000	0.144873	0.112663	0.013221	0.707982	0.349154	-0.613884	0.550571	0.271524	0.789396	0.442305	-0.896865	-0.000000	0.286230	0.222590	-0.117007	0.801044	-0.486230	0.349154	-0.583111	-0.765674	0.271524	0.135315	-0.421098	-0.896865	0.286230	0.222590	-0.117007	0.845276	0.221560	0.486230	-0.534311	0.358127	0.765674	-0.004490	-0.907004	0.421098	0.299080	0.243362	-0.169613	0.047556	-0.973987	0.221560	-0.932982	0.035912	0.358127	-0.356768	-0.223742	-0.907004	
0.340000	0.000000	0.000000	0.000000	0.783044	-0.621967	0.000000	0.621967	0.783044	0.000000	0.000000	0.000000	1.000000	0.000000	0.000000	0.000000	0.781680	-0.046191	0.621967	0.620884	-0.036689	-0.783044	0.058989	0.998259	0.000000	0.143829	0.114243	0.010854	0.698394	0.354123	-0.621967	0.554730	0.281277	0.783044	0.452239	-0.891897	-0.000000	0.285172	0.226510	-0.117377	0.804162	-0.477410	0.354123	-0.578438	-0.765697	0.281277	0.136866	-0.431031	-0.891897	0.285172	0.226510	-0.117377	0.847669	0.231381	0.477410	-0.530514	0.363679	0.765697	0.003544	-0.902330	0.431031	0.298592	0.247604	-0.169712	0.056270	-0.971234	0.231381	-0.930950	0.032704	0.363679	-0.360785	-0.235869	-0.902330	
0.350000	0.000000	0.000000	0.000000	0.776608	-0.629984	0.000000	0.629984	0.776608	0.000000	0.000000	0.000000	1.000000	0.000000	0.000000	0.000000	0.775782	-0.035812	0.629984	0.629313	-0.029051	-0.776608	0.046113	0.998936	0.000000	0.142744	0.115794	0.008485	0.688711	0.358883	-0.629984	0.558682	0.291126	0.776608	0.462116	-0.886819	-0.000000	0.284022	0.230399	-0.117734	0.807259	-0.468546	0.358883	-0.573756	-0.765539	0.291126	0.138333	-0.440925	-0.886819	0.284022	0.230399	-0.117734	0.849920	0.241039	0.468546	-0.526787	0.369386	0.765539	0.011450	-0.897471	0.440925	0.298003	0.251823	-0.169787	0.064946	-0.968340	0.241039	-0.928803	0.029653	0.369386	-0.364839	-0.247868	-0.897471	
0.360000	0.000000	0.000000	0.000000	0.770091	-0.637934	0.000000	0.637934	0.770091	0.000000	0.000000	0.000000	1.000000	0.000000	0.000000	0.000000	0.769666	-0.025590	0.637934	0.637582	-0.021199	-0.770091	0.033230	0.999448	0.000000	0.141618	0.117315	0.006114	0.679079	0.363170	-0.637934	0.562541	0.300845	0.770091	0.471593	-0.881816	-0.000000	0.282745	0.234222	-0.118148	0.810378	-0.459777	0.363170	-0.569029	-0.765309	0.300845	0.139615	-0.450453	-0.881816	0.282745	0.234222	-0.118148	0.852041	0.250262	0.459777	-0.523126	0.375022	0.765309	0.019102	-0.892596	0.450453	0.297260	0.255974	-0.169918	0.073471	-0.965386	0.250262	-0.926632	0.026697	0.375022	-0.368722	-0.259454	-0.892596	
0.370000	0.000000	0.000000	0.000000	0.763492	-0.645817	0.000000	0.645817	0.763492	0.000000	0.000000	0.000000	1.000000	0.000000	0.000000	0.000000	0.763334	-0.015530	0.645817	0.645683	-0.013137	-0.763492	0.020341	0.999793	0.000000	0.140454	0.118806	0.003743	0.670088	0.365926	-0.645817	0.566809	0.309527	0.763492	0.479280	-0.877662	-0.000000	0.281194	0.237854	-0.118913	0.813691	-0.451668	0.365926	-0.564110	-0.765489	0.309527	0.140309	-0.458282	-0.877662	0.281194	0.237854	-0.118913	0.854074	0.257980	0.451668	-0.519502	0.379664	0.765489	0.025999	-0.888427	0.458282	0.296157	0.259875	-0.170442	0.081392	-0.962716	0.257980	-0.924825	0.023550	0.379664	-0.371584	-0.269488	-0.888427	
0.380000	0.000000	0.000000	0.000000	0.756813	-0.653632	0.000000	0.653632	0.756813	0.000000	0.000000	0.000000	1.000000	0.000000	0.000000	0.000000	0.756792	-0.005637	0.653632	0.653614	-0.004869	-0.756813	0.007449	0.999972	0.000000	0.139250	0.120265	0.001371	0.662200	0.366411	-0.653632	0.571918	0.316456	0.756813	0.484151	-0.874985	-0.000000	0.279273	0.241198	-0.120259	0.817323	-0.444663	0.366411	-0.558878	-0.766493	0.316456	0.140135	-0.463426	-0.874985	0.279273	0.241198	-0.120259	0.856081	0.263440	0.444663	-0.515863	0.382590	0.766493	0.031801	-0.885565	0.463426	0.294552	0.263388	-0.171622	0.088372	-0.960620	0.263440	-0.923703	0.019946	0.382590	-0.372778	-0.277150	-0.885565	
0.390000	0.000000	0.000000	0.000000	0.750053	-0.661377	0.000000	0.661377	0.750053	0.000000	0.000000	0.000000	1.000000	0.000000	0.000000	0.000000	0.750042	0.004084	0.661377	0.661368	0.003601	-0.750053	-0.005445	0.999985	0.000000	0.138008	0.121692	-0.001002	0.655419	0.364700	-0.661377	0.577931	0.321583	0.750053	0.486232	-0.873830	-0.000000	0.276997	0.244249	-0.122191	0.821264	-0.438770	0.364700	-0.553324	-0.768386	0.321583	0.139129	-0.465902	-0.873830	0.276997	0.244249	-0.122191	0.858104	0.266718	0.438770	-0.512172	0.383748	0.768386	0.036565	-0.884081	0.465902	0.292467	0.266506	-0.173467	0.094424	-0.959138	0.266718	-0.923302	0.015817	0.383748	-0.372286	-0.282496	-0.884081	
0.400000	0.000000	0.000000	0.000000	0.743838	-0.668360	0.000000	0.668360	0.743838	0.000000	0.000000	0.000000	1.000000	0.000000	0.000000	0.000000	0.743727	0.012824	0.668360	0.668261	0.011523	-0.743838	-0.017240	0.999851	0.000000	0.136846	0.122960	-0.003172	0.649879	0.361872	-0.668360	0.583936	0.325153	0.743838	0.486493	-0.873685	-0.000000	0.274710	0.246835	-0.124306	0.824875	-0.434315	0.361872	-0.548314	-0.770472	0.325153	0.137593	-0.466630	-0.873685	0.274710	0.246835	-0.124306	0.859669	0.268959	0.434315	-0.509229	0.383482	0.770472	0.040673	-0.883517	0.466630	0.290310	0.269077	-0.175550	0.099018	-0.958048	0.268959	-0.923467	0.012214	0.383482	-0.370680	-0.286347	-0.883517	
0.410000	0.000000	0.000000	0.000000	0.739250	-0.673431	0.000000	0.673431	0.739250	0.000000	0.000000	0.000000	1.000000	0.000000	0.000000	0.000000	0.738994	0.019483	0.673431	0.673197	0.017749	-0.739250	-0.026355	0.999653	0.000000	0.135975	0.123868	-0.004849	0.645944	0.359510	-0.673431	0.588432	0.327500	0.739250	0.486316	-0.873783	-0.000000	0.272971	0.248667	-0.126020	0.827139	-0.431966	0.359510	-0.545311	-0.771608	0.327500	0.135932	-0.466933	-0.873783	0.272971	0.248667	-0.126020	0.859949	0.271834	0.431966	-0.508426	0.382262	0.771608	0.044626	-0.883166	0.466933	0.288737	0.270838	-0.177244	0.101146	-0.957014	0.271834	-0.923990	0.010924	0.382262	-0.368799	-0.289836	-0.883166	
0.420000	0.000000	0.000000	0.000000	0.736768	-0.676146	0.000000	0.676146	0.736768	0.000000	0.000000	0.000000	1.000000	0.000000	0.000000	0.000000	0.736383	0.023805	0.676146	0.675793	0.021847	-0.736768	-0.032311	0.999478	0.000000	0.135495	0.124346	-0.005945	0.643854	0.358160	-0.676146	0.590877	0.328690	0.736768	0.486124	-0.873890	-0.000000	0.272011	0.249629	-0.127157	0.827674	-0.432061	0.358160	-0.544912	-0.771384	0.328690	0.134265	-0.467214	-0.873890	0.272011	0.249629	-0.127157	0.858711	0.275568	0.432061	-0.510185	0.380365	0.771384	0.048228	-0.882828	0.467214	0.287994	0.271691	-0.178361	0.100397	-0.956024	0.275568	-0.924752	0.012525	0.380365	-0.367089	-0.293019	-0.882828	
0.430000	0.000000	0.000000	0.000000	0.736417	-0.676528	0.000000	0.676528	0.736417	0.000000	0.000000	0.000000	1.000000	0.000000	0.000000	0.000000	0.735963	0.025853	0.676528	0.676111	0.023751	-0.736417	-0.035107	0.999384	0.000000	0.135417	0.124404	-0.006460	0.643633	0.357835	-0.676528	0.591290	0.328735	0.736417	0.485914	-0.874006	-0.000000	0.271847	0.249739	-0.127716	0.826485	-0.434600	0.357835	-0.547122	-0.769799	0.328735	0.132593	-0.467474	-0.874006	0.271847	0.249739	-0.127716	0.856378	0.278818	0.434600	-0.513912	0.378554	0.769799	0.050115	-0.882585	0.467474	0.288018	0.271696	-0.178906	0.097000	-0.955433	0.278818	-0.925432	0.016517	0.378554	-0.366289	-0.294747	-0.882585	
0.440000	0.000000	0.000000	0.000000	0.738200	-0.674582	0.000000	0.674582	0.738200	0.000000	0.000000	0.000000	1.000000	0.000000	0.000000	0.000000	0.737754	0.025649	0.674582	0.674175	0.023438	-0.738200	-0.034745	0.999396	0.000000	0.135747	0.124048	-0.006393	0.645284	0.358535	-0.674582	0.589674	0.327637	0.738200	0.485688	-0.874132	-0.000000	0.272484	0.249001	-0.127697	0.823771	-0.439151	0.358535	-0.551543	-0.767108	0.327637	0.131153	-0.467645	-0.874132	0.272484	0.249001	-0.127697	0.853479	0.280570	0.439151	-0.518771	0.377389	0.767108	0.049496	-0.882529	0.467645	0.288757	0.270890	-0.178884	0.091604	-0.955452	0.280570	-0.925792	0.022060	0.377389	-0.366767	-0.294320	-0.882529	
0.450000	0.000000	0.000000	0.000000	0.742098	-0.670291	0.000000	0.670291	0.742098	0.000000	0.000000	0.000000	1.000000	0.000000	0.000000	0.000000	0.741737	0.023172	0.670291	0.669964	0.020929	-0.742098	-0.031224	0.999512	0.000000	0.136480	0.123273	-0.005745	0.648792	0.360249	-0.670291	0.586013	0.325390	0.742098	0.485446	-0.874267	-0.000000	0.273914	0.247409	-0.127101	0.819499	-0.445693	0.360249	-0.558154	-0.763273	0.325390	0.129944	-0.467731	-0.874267	0.273914	0.247409	-0.127101	0.849932	0.281023	0.445693	-0.524831	0.376785	0.763273	0.046567	-0.882643	0.467731	0.290213	0.269263	-0.178294	0.084183	-0.956002	0.281023	-0.925839	0.029232	0.376785	-0.368422	-0.291901	-0.882643	
0.460000	0.000000	0.000000	0.000000	0.748072	-0.663617	0.000000	0.663617	0.748072	0.000000	0.000000	0.000000	1.000000	0.000000	0.000000	0.000000	0.747847	0.018361	0.663617	0.663417	0.016288	-0.748072	-0.024545	0.999699	0.000000	0.137604	0.122069	-0.004516	0.654122	0.362955	-0.663617	0.580274	0.321979	0.748072	0.485187	-0.874410	-0.000000	0.276118	0.244945	-0.125926	0.813386	-0.454605	0.362955	-0.567301	-0.757957	0.321979	0.128731	-0.467798	-0.874410	0.276118	0.244945	-0.125926	0.845029	0.281533	0.454605	-0.533033	0.376001	0.757957	0.042458	-0.882815	0.467798	0.292447	0.266753	-0.177130	0.074034	-0.956691	0.281533	-0.925798	0.039006	0.376001	-0.370699	-0.288479	-0.882815	
0.470000	0.000000	0.000000	0.000000	0.756058	-0.654505	0.000000	0.654505	0.756058	0.000000	0.000000	0.000000	1.000000	0.000000	0.000000	0.000000	0.755976	0.011117	0.654505	0.654434	0.009624	-0.756058	-0.014705	0.999892	0.000000	0.139100	0.120416	-0.002706	0.661220	0.366622	-0.654505	0.572406	0.317377	0.756058	0.484912	-0.874563	-0.000000	0.279063	0.241580	-0.124174	0.805347	-0.465837	0.366622	-0.578926	-0.751077	0.317377	0.127515	-0.467846	-0.874563	0.279063	0.241580	-0.124174	0.838319	0.283227	0.465837	-0.543831	0.374342	0.751077	0.038343	-0.882978	0.467846	0.295490	0.263292	-0.175387	0.060957	-0.957114	0.283227	-0.925842	0.051809	0.374342	-0.372962	-0.285043	-0.882978	
0.480000	0.000000	0.000000	0.000000	0.765153	-0.643848	0.000000	0.643848	0.765153	0.000000	0.000000	0.000000	1.000000	0.000000	0.000000	0.000000	0.765150	0.002144	0.643848	0.643846	0.001804	-0.765153	-0.002802	0.999996	0.000000	0.140788	0.118468	-0.000516	0.669705	0.370073	-0.643848	0.563532	0.311403	0.765153	0.483659	-0.875257	-0.000000	0.282302	0.237546	-0.122249	0.796129	-0.478774	0.370073	-0.591855	-0.743462	0.311403	0.126044	-0.466946	-0.875257	0.282302	0.237546	-0.122249	0.830433	0.284879	0.478774	-0.556085	0.371529	0.743462	0.033918	-0.883635	0.466946	0.298825	0.259095	-0.173500	0.045810	-0.957468	0.284879	-0.926056	0.066235	0.371529	-0.374596	-0.280833	-0.883635	
0.490000	0.000000	0.000000	0.000000	0.774298	-0.632821	0.000000	0.632821	0.774298	0.000000	0.000000	0.000000	1.000000	0.000000	0.000000	0.000000	0.774262	-0.007420	0.632821	0.632792	-0.006064	-0.774298	0.009583	0.999954	0.000000	0.142464	0.116434	0.001763	0.679250	0.371694	-0.632821	0.555140	0.303780	0.774298	0.480040	-0.877247	-0.000000	0.285279	0.233154	-0.120733	0.786768	-0.492788	0.371694	-0.604672	-0.736267	0.303780	0.123967	-0.463757	-0.877247	0.285279	0.233154	-0.120733	0.822229	0.284780	0.492788	-0.568431	0.367148	0.736267	0.028748	-0.885496	0.463757	0.301796	0.254449	-0.172092	0.029585	-0.958136	0.284780	-0.926672	0.080511	0.367148	-0.374706	-0.274759	-0.885496	
0.500000	0.000000	0.000000	0.000000	0.783284	-0.621665	0.000000	0.621665	0.783284	0.000000	0.000000	0.000000	1.000000	0.000000	0.000000	0.000000	0.783095	-0.017205	0.621665	0.621515	-0.013655	-0.783284	0.021965	0.999759	0.000000	0.144089	0.114359	0.004042	0.689863	0.370975	-0.621665	0.547520	0.294430	0.783284	0.473615	-0.880732	-0.000000	0.287856	0.228462	-0.119799	0.777491	-0.507825	0.370975	-0.617108	-0.729719	0.294430	0.121189	-0.457848	-0.880732	0.287856	0.228462	-0.119799	0.813857	0.282403	0.507825	-0.580622	0.361094	0.729719	0.022702	-0.888741	0.457848	0.304236	0.249405	-0.171346	0.012409	-0.959216	0.282403	-0.927748	0.094308	0.361094	-0.373000	-0.266480	-0.888741	
0.510000	0.000000	0.000000	0.000000	0.792108	-0.610380	0.000000	0.610380	0.792108	0.000000	0.000000	0.000000	1.000000	0.000000	0.000000	0.000000	0.791641	-0.027205	0.610380	0.610020	-0.020963	-0.792108	0.034345	0.999410	0.000000	0.145662	0.112244	0.006319	0.701446	0.367980	-0.610380	0.540518	0.283556	0.792108	0.464557	-0.885543	-0.000000	0.290035	0.223494	-0.119398	0.768267	-0.523790	0.367980	-0.629202	-0.723672	0.283556	0.117772	-0.449381	-0.885543	0.290035	0.223494	-0.119398	0.805271	0.277816	0.523790	-0.592695	0.353571	0.723672	0.015851	-0.893200	0.449381	0.306148	0.244001	-0.171203	-0.005664	-0.960618	0.277816	-0.929183	0.107734	0.353571	-0.369577	-0.256139	-0.893200	
0.520000	0.000000	0.000000	0.000000	0.800771	-0.598971	0.000000	0.598971	0.800771	0.000000	0.000000	0.000000	1.000000	0.000000	0.000000	0.000000	0.799897	-0.037411	0.598971	0.598317	-0.027983	-0.800771	0.046719	0.998908	0.000000	0.147181	0.110090	0.008596	0.713390	0.363742	-0.598971	0.533611	0.272076	0.800771	0.454240	-0.890879	-0.000000	0.291954	0.218379	-0.119229	0.758940	-0.540094	0.363742	-0.641089	-0.717620	0.272076	0.114082	-0.439681	-0.890879	0.291954	0.218379	-0.119229	0.796415	0.272067	0.540094	-0.604688	0.345504	0.717620	0.008636	-0.898113	0.439681	0.307734	0.238418	-0.171320	-0.024168	-0.961975	0.272067	-0.930571	0.121096	0.345504	-0.365312	-0.244828	-0.898113	
0.530000	0.000000	0.000000	0.000000	0.809269	-0.587438	0.000000	0.587438	0.809269	0.000000	0.000000	0.000000	1.000000	0.000000	0.000000	0.000000	0.807855	-0.047817	0.587438	0.586412	-0.034709	-0.809269	0.059086	0.998253	0.000000	0.148645	0.107900	0.010872	0.725182	0.359203	-0.587438	0.526401	0.260741	0.809269	0.443861	-0.896095	-0.000000	0.293743	0.213224	-0.119045	0.749381	-0.556239	0.359203	-0.652867	-0.711181	0.260741	0.110424	-0.429906	-0.896095	0.293743	0.213224	-0.119045	0.787264	0.266108	0.556239	-0.616614	0.337650	0.711181	0.001437	-0.902872	0.429906	0.309177	0.232808	-0.171412	-0.042698	-0.962997	0.266108	-0.931597	0.134610	0.337650	-0.360977	-0.233489	-0.902872	
0.540000	0.000000	0.000000	0.000000	0.817601	-0.575785	0.000000	0.575785	0.817601	0.000000	0.000000	0.000000	1.000000	0.000000	0.000000	0.000000	0.815512	-0.058413	0.575785	0.574314	-0.041136	-0.817601	0.071444	0.997445	0.000000	0.150054	0.105674	0.013146	0.736814	0.354367	-0.575785	0.518892	0.249559	0.817601	0.433423	-0.901191	-0.000000	0.295402	0.208033	-0.118845	0.739591	-0.572214	0.354367	-0.664529	-0.704359	0.249559	0.106801	-0.420059	-0.901191	0.295402	0.208033	-0.118845	0.777817	0.259946	0.572214	-0.628465	0.330016	0.704359	-0.005744	-0.907479	0.420059	0.310479	0.227174	-0.171479	-0.061246	-0.963679	0.259946	-0.932259	0.148268	0.330016	-0.356571	-0.222125	-0.907479	
0.550000	0.000000	0.000000	0.000000	0.825765	-0.564014	0.000000	0.564014	0.825765	0.000000	0.000000	0.000000	1.000000	0.000000	0.000000	0.000000	0.822861	-0.069192	0.564014	0.562030	-0.047259	-0.825765	0.083791	0.996483	0.000000	0.151406	0.103414	0.015418	0.748279	0.349238	-0.564014	0.511089	0.238536	0.825765	0.422926	-0.906164	-0.000000	0.296930	0.202809	-0.118629	0.729572	-0.588012	0.349238	-0.676071	-0.697157	0.238536	0.103212	-0.410139	-0.906164	0.296930	0.202809	-0.118629	0.768073	0.253586	0.588012	-0.640232	0.322606	0.697157	-0.012906	-0.911932	0.410139	0.311638	0.221520	-0.171521	-0.079803	-0.964015	0.253586	-0.932557	0.162061	0.322606	-0.352093	-0.210739	-0.911932	
0.560000	0.000000	0.000000	0.000000	0.833760	-0.552127	0.000000	0.552127	0.833760	0.000000	0.000000	0.000000	1.000000	0.000000	0.000000	0.000000	0.829899	-0.080145	0.552127	0.549570	-0.053073	-0.833760	0.096125	0.995369	0.000000	0.152701	0.101121	0.017687	0.759568	0.343820	-0.552127	0.502996	0.227682	0.833760	0.412372	-0.911015	-0.000000	0.298326	0.197555	-0.118398	0.719325	-0.603621	0.343820	-0.687488	-0.689581	0.227682	0.099658	-0.400149	-0.911015	0.298326	0.197555	-0.118398	0.758033	0.247037	0.603621	-0.651908	0.315427	0.689581	-0.020046	-0.916231	0.400149	0.312654	0.215850	-0.171539	-0.098363	-0.964001	0.247037	-0.932490	0.175980	0.315427	-0.347545	-0.199333	-0.916231	
0.570000	0.000000	0.000000	0.000000	0.841584	-0.540127	0.000000	0.540127	0.841584	0.000000	0.000000	0.000000	1.000000	0.000000	0.000000	0.000000	0.836621	-0.091265	0.540127	0.536941	-0.058574	-0.841584	0.108445	0.994102	0.000000	0.153938	0.098797	0.019954	0.770675	0.338117	-0.540127	0.494618	0.217003	0.841584	0.401763	-0.915744	-0.000000	0.299589	0.192275	-0.118150	0.708853	-0.619034	0.338117	-0.698773	-0.681635	0.217003	0.096140	-0.390090	-0.915744	0.299589	0.192275	-0.118150	0.747697	0.240304	0.619034	-0.663485	0.308484	0.681635	-0.027163	-0.920376	0.390090	0.313526	0.210167	-0.171532	-0.116917	-0.963631	0.240304	-0.932058	0.190014	0.308484	-0.342926	-0.187910	-0.920376	
