# time	B0_r_i(1)	B0_r_i(2)	B0_r_i(3)	0_A_i(1,1)	0_A_i(1,2)	0_A_i(1,3)	0_A_i(2,1)	...
0.000000	0.000000	0.000000	0.000000	0.789785	-0.613384	0.000000	0.613384	0.789785	0.000000	0.000000	0.000000	1.000000	0.000000	0.000000	0.000000	0.726983	-0.308637	0.613384	0.564609	-0.239702	-0.789785	0.390786	0.920482	0.000000	0.133765	0.103888	0.071905	0.786776	0.068872	-0.613384	0.611047	0.053489	0.789785	0.087203	-0.996191	-0.000000	0.228302	0.177310	-0.114367	0.882166	-0.465876	0.068872	-0.469578	-0.881269	0.053489	0.035775	-0.079527	-0.996191	0.228302	0.177310	-0.114367	0.830853	-0.304372	0.465876	-0.404760	0.243996	0.881269	-0.381906	-0.920773	0.079527	0.210648	0.191461	-0.167772	0.056891	-0.950853	-0.304372	-0.960255	-0.135558	0.243996	-0.273264	0.278394	-0.920773	
0.010000	0.000000	0.000000	0.000000	0.789901	-0.613235	0.000000	0.613235	0.789901	0.000000	0.000000	0.000000	1.000000	0.000000	0.000000	0.000000	0.727124	-0.308599	0.613235	0.564499	-0.239579	-0.789901	0.390681	0.920526	0.000000	0.133791	0.103868	0.071885	0.786877	0.069051	-0.613235	0.610887	0.053608	0.789901	0.087418	-0.996172	-0.000000	0.228373	0.177296	-0.114360	0.882045	-0.466078	0.069051	-0.469799	-0.881144	0.053608	0.035859	-0.079724	-0.996172	0.228373	0.177296	-0.114360	0.830870	-0.304017	0.466078	-0.404953	0.244126	0.881144	-0.381665	-0.920856	0.079724	0.210740	0.191456	-0.167770	0.056730	-0.950976	-0.304017	-0.960254	-0.135328	0.244126	-0.273300	0.278085	-0.920856	
0.020000	0.000000	0.000000	0.000000	0.790220	-0.612824	0.000000	0.612824	0.790220	0.000000	0.000000	0.000000	1.000000	0.000000	0.000000	0.000000	0.727514	-0.308498	0.612824	0.564194	-0.239244	-0.790220	0.390396	0.920647	0.000000	0.133862	0.103812	0.071833	0.787152	0.069566	-0.612824	0.610444	0.053949	0.790220	0.088033	-0.996118	-0.000000	0.228574	0.177261	-0.114339	0.881709	-0.466636	0.069566	-0.470410	-0.880797	0.053949	0.036099	-0.080291	-0.996118	0.228574	0.177261	-0.114339	0.830922	-0.303016	0.466636	-0.405483	0.244499	0.880797	-0.380988	-0.921087	0.080291	0.210999	0.191442	-0.167762	0.056288	-0.951322	-0.303016	-0.960249	-0.134694	0.244499	-0.273411	0.277208	-0.921087	
0.030000	0.000000	0.000000	0.000000	0.790740	-0.612152	0.000000	0.612152	0.790740	0.000000	0.000000	0.000000	1.000000	0.000000	0.000000	0.000000	0.728150	-0.308331	0.612152	0.563697	-0.238695	-0.790740	0.389927	0.920846	0.000000	0.133980	0.103720	0.071747	0.787599	0.070408	-0.612152	0.609720	0.054506	0.790740	0.089041	-0.996028	-0.000000	0.228902	0.177205	-0.114304	0.881159	-0.467548	0.070408	-0.471409	-0.880229	0.054506	0.036491	-0.081220	-0.996028	0.228902	0.177205	-0.114304	0.831006	-0.301376	0.467548	-0.406351	0.245106	0.880229	-0.379878	-0.921464	0.081220	0.211422	0.191421	-0.167749	0.055567	-0.951885	-0.301376	-0.960239	-0.133657	0.245106	-0.273593	0.275773	-0.921464	
0.040000	0.000000	0.000000	0.000000	0.791451	-0.611232	0.000000	0.611232	0.791451	0.000000	0.000000	0.000000	1.000000	0.000000	0.000000	0.000000	0.729021	-0.308096	0.611232	0.563018	-0.237940	-0.791451	0.389280	0.921120	0.000000	0.134140	0.103595	0.071627	0.788209	0.071568	-0.611232	0.608728	0.055271	0.791451	0.090426	-0.995903	-0.000000	0.229353	0.177127	-0.114256	0.880403	-0.468795	0.071568	-0.472778	-0.879446	0.055271	0.037029	-0.082496	-0.995903	0.229353	0.177127	-0.114256	0.831119	-0.299120	0.468795	-0.407542	0.245934	0.879446	-0.378353	-0.921978	0.082496	0.212004	0.191392	-0.167730	0.054578	-0.952653	-0.299120	-0.960224	-0.132232	0.245934	-0.273843	0.273800	-0.921978	
0.050000	0.000000	0.000000	0.000000	0.792343	-0.610076	0.000000	0.610076	0.792343	0.000000	0.000000	0.000000	1.000000	0.000000	0.000000	0.000000	0.730118	-0.307791	0.610076	0.562165	-0.236988	-0.792343	0.388456	0.921467	0.000000	0.134342	0.103438	0.071476	0.788970	0.073033	-0.610076	0.607479	0.056233	0.792343	0.092174	-0.995743	-0.000000	0.229920	0.177030	-0.114196	0.879448	-0.470359	0.073033	-0.474499	-0.878458	0.056233	0.037707	-0.084109	-0.995743	0.229920	0.177030	-0.114196	0.831256	-0.296271	0.470359	-0.409044	0.246971	0.878458	-0.376427	-0.922621	0.084109	0.212736	0.191355	-0.167708	0.053336	-0.953614	-0.296271	-0.960204	-0.130434	0.246971	-0.274159	0.271308	-0.922621	
0.060000	0.000000	0.000000	0.000000	0.793402	-0.608698	0.000000	0.608698	0.793402	0.000000	0.000000	0.000000	1.000000	0.000000	0.000000	0.000000	0.731427	-0.307411	0.608698	0.561151	-0.235846	-0.793402	0.387459	0.921887	0.000000	0.134583	0.103252	0.071293	0.789869	0.074795	-0.608698	0.605987	0.057383	0.793402	0.094272	-0.995546	-0.000000	0.230599	0.176916	-0.114125	0.878301	-0.472220	0.074795	-0.476553	-0.877271	0.057383	0.038518	-0.086044	-0.995546	0.230599	0.176916	-0.114125	0.831413	-0.292849	0.472220	-0.410842	0.248202	0.877271	-0.374114	-0.923382	0.086044	0.213614	0.191311	-0.167681	0.051854	-0.954752	-0.292849	-0.960177	-0.128280	0.248202	-0.274538	0.268317	-0.923382	
0.070000	0.000000	0.000000	0.000000	0.794617	-0.607111	0.000000	0.607111	0.794617	0.000000	0.000000	0.000000	1.000000	0.000000	0.000000	0.000000	0.732937	-0.306953	0.607111	0.559985	-0.234521	-0.794617	0.386290	0.922377	0.000000	0.134860	0.103037	0.071077	0.790893	0.076844	-0.607111	0.604265	0.058711	0.794617	0.096705	-0.995313	-0.000000	0.231384	0.176784	-0.114043	0.876971	-0.474359	0.076844	-0.478921	-0.875893	0.058711	0.039457	-0.088290	-0.995313	0.231384	0.176784	-0.114043	0.831585	-0.288876	0.474359	-0.412924	0.249612	0.875893	-0.371430	-0.924254	0.088290	0.214629	0.191261	-0.167650	0.050148	-0.956052	-0.288876	-0.960142	-0.125784	0.249612	-0.274978	0.264845	-0.924254	
0.080000	0.000000	0.000000	0.000000	0.795976	-0.605328	0.000000	0.605328	0.795976	0.000000	0.000000	0.000000	1.000000	0.000000	0.000000	0.000000	0.734636	-0.306412	0.605328	0.558679	-0.233021	-0.795976	0.384951	0.922937	0.000000	0.135173	0.102797	0.070831	0.792030	0.079168	-0.605328	0.602326	0.060206	0.795976	0.099461	-0.995041	-0.000000	0.232269	0.176637	-0.113953	0.875464	-0.476755	0.079168	-0.481583	-0.874330	0.060206	0.040516	-0.090835	-0.995041	0.232269	0.176637	-0.113953	0.831767	-0.284372	0.476755	-0.415275	0.251184	0.874330	-0.368389	-0.925224	0.090835	0.215776	0.191206	-0.167616	0.048230	-0.957500	-0.284372	-0.960097	-0.122961	0.251184	-0.275476	0.260910	-0.925224	
0.090000	0.000000	0.000000	0.000000	0.797467	-0.603363	0.000000	0.603363	0.797467	0.000000	0.000000	0.000000	1.000000	0.000000	0.000000	0.000000	0.736513	-0.305782	0.603363	0.557245	-0.231354	-0.797467	0.383441	0.923565	0.000000	0.135518	0.102533	0.070553	0.793265	0.081760	-0.603363	0.600183	0.061859	0.797467	0.102525	-0.994730	-0.000000	0.233250	0.176476	-0.113854	0.873787	-0.479387	0.081760	-0.484519	-0.872591	0.061859	0.041688	-0.093666	-0.994730	0.233250	0.176476	-0.113854	0.831954	-0.279358	0.479387	-0.417882	0.252904	0.872591	-0.365004	-0.926282	0.093666	0.217047	0.191145	-0.167578	0.046116	-0.959079	-0.279358	-0.960042	-0.119827	0.252904	-0.276030	0.256532	-0.926282	
0.100000	0.000000	0.000000	0.000000	0.799076	-0.601230	0.000000	0.601230	0.799076	0.000000	0.000000	0.000000	1.000000	0.000000	0.000000	0.000000	0.738554	-0.305057	0.601230	0.555693	-0.229527	-0.799076	0.381762	0.924261	0.000000	0.135894	0.102248	0.070244	0.794584	0.084609	-0.601230	0.597850	0.063660	0.799076	0.105883	-0.994379	-0.000000	0.234320	0.176304	-0.113748	0.871947	-0.482234	0.084609	-0.487711	-0.870681	0.063660	0.042968	-0.096773	-0.994379	0.234320	0.176304	-0.113748	0.832139	-0.273853	0.482234	-0.420731	0.254755	0.870681	-0.361290	-0.927418	0.096773	0.218436	0.191079	-0.167538	0.043821	-0.960773	-0.273853	-0.959975	-0.116398	0.254755	-0.276638	0.251729	-0.927418	
0.110000	0.000000	0.000000	0.000000	0.800791	-0.598944	0.000000	0.598944	0.800791	0.000000	0.000000	0.000000	1.000000	0.000000	0.000000	0.000000	0.740749	-0.304231	0.598944	0.554036	-0.227547	-0.800791	0.379914	0.925022	0.000000	0.136298	0.101943	0.069904	0.795974	0.087706	-0.598944	0.595341	0.065599	0.800791	0.109524	-0.993984	-0.000000	0.235473	0.176120	-0.113636	0.869952	-0.485274	0.087706	-0.491138	-0.868608	0.065599	0.044349	-0.100143	-0.993984	0.235473	0.176120	-0.113636	0.832316	-0.267879	0.485274	-0.423809	0.256721	0.868608	-0.357262	-0.928620	0.100143	0.219936	0.191010	-0.167496	0.041358	-0.962564	-0.267879	-0.959894	-0.112688	0.256721	-0.277297	0.246518	-0.928620	
0.120000	0.000000	0.000000	0.000000	0.802600	-0.596518	0.000000	0.596518	0.802600	0.000000	0.000000	0.000000	1.000000	0.000000	0.000000	0.000000	0.743086	-0.303299	0.596518	0.552285	-0.225422	-0.802600	0.377896	0.925848	0.000000	0.136728	0.101620	0.069533	0.797420	0.091041	-0.596518	0.592668	0.067665	0.802600	0.113433	-0.993546	-0.000000	0.236706	0.175927	-0.113519	0.867810	-0.488486	0.091041	-0.494780	-0.866380	0.067665	0.045823	-0.103765	-0.993546	0.236706	0.175927	-0.113519	0.832480	-0.261456	0.488486	-0.427102	0.258785	0.866380	-0.352933	-0.929877	0.103765	0.221542	0.190937	-0.167451	0.038744	-0.964438	-0.261456	-0.959798	-0.108714	0.258785	-0.278006	0.240918	-0.929877	
0.130000	0.000000	0.000000	0.000000	0.804490	-0.593966	0.000000	0.593966	0.804490	0.000000	0.000000	0.000000	1.000000	0.000000	0.000000	0.000000	0.745551	-0.302254	0.593966	0.550451	-0.223158	-0.804490	0.375709	0.926738	0.000000	0.137181	0.101283	0.069130	0.798908	0.094605	-0.593966	0.589845	0.069848	0.804490	0.117596	-0.993062	-0.000000	0.238012	0.175727	-0.113397	0.865526	-0.491848	0.094605	-0.498617	-0.864004	0.069848	0.047384	-0.107627	-0.993062	0.238012	0.175727	-0.113397	0.832624	-0.254603	0.491848	-0.430596	0.260932	0.864004	-0.348317	-0.931178	0.107627	0.223245	0.190861	-0.167406	0.035993	-0.966376	-0.254603	-0.959686	-0.104489	0.260932	-0.278761	0.234947	-0.931178	
0.140000	0.000000	0.000000	0.000000	0.806450	-0.591302	0.000000	0.591302	0.806450	0.000000	0.000000	0.000000	1.000000	0.000000	0.000000	0.000000	0.748135	-0.301091	0.591302	0.548545	-0.220765	-0.806450	0.373353	0.927689	0.000000	0.137657	0.100932	0.068697	0.800426	0.098387	-0.591302	0.586885	0.072139	0.806450	0.122000	-0.992530	-0.000000	0.239385	0.175521	-0.113273	0.863110	-0.495340	0.098387	-0.502631	-0.861486	0.072139	0.049026	-0.111716	-0.992530	0.239385	0.175521	-0.113273	0.832742	-0.247343	0.495340	-0.434277	0.263145	0.861486	-0.343429	-0.932511	0.111716	0.225039	0.190783	-0.167358	0.033118	-0.968362	-0.247343	-0.959556	-0.100031	0.263145	-0.279561	0.228625	-0.932511	
0.150000	0.000000	0.000000	0.000000	0.808468	-0.588540	0.000000	0.588540	0.808468	0.000000	0.000000	0.000000	1.000000	0.000000	0.000000	0.000000	0.750826	-0.299803	0.588540	0.546578	-0.218247	-0.808468	0.370829	0.928701	0.000000	0.138152	0.100570	0.068232	0.801960	0.102378	-0.588540	0.583802	0.074528	0.808468	0.126632	-0.991950	-0.000000	0.240820	0.175309	-0.113147	0.860568	-0.498941	0.102378	-0.506802	-0.858835	0.074528	0.050741	-0.116022	-0.991950	0.240820	0.175309	-0.113147	0.832829	-0.239696	0.498941	-0.438133	0.265410	0.858835	-0.338283	-0.933865	0.116022	0.226918	0.190703	-0.167311	0.030135	-0.970380	-0.239696	-0.959409	-0.095354	0.265410	-0.280404	0.221968	-0.933865	
0.160000	0.000000	0.000000	0.000000	0.810534	-0.585692	0.000000	0.585692	0.810534	0.000000	0.000000	0.000000	1.000000	0.000000	0.000000	0.000000	0.753611	-0.298387	0.585692	0.544560	-0.215614	-0.810534	0.368136	0.929772	0.000000	0.138665	0.100199	0.067737	0.803497	0.106567	-0.585692	0.580608	0.077006	0.810534	0.131478	-0.991319	-0.000000	0.242312	0.175095	-0.113019	0.857908	-0.502631	0.106567	-0.511112	-0.856058	0.077006	0.052522	-0.120532	-0.991319	0.242312	0.175095	-0.113019	0.832878	-0.231683	0.502631	-0.442150	0.267711	0.856058	-0.332894	-0.935229	0.120532	0.228874	0.190622	-0.167263	0.027057	-0.972415	-0.231683	-0.959242	-0.090474	0.267711	-0.281287	0.214997	-0.935229	
0.170000	0.000000	0.000000	0.000000	0.812635	-0.582772	0.000000	0.582772	0.812635	0.000000	0.000000	0.000000	1.000000	0.000000	0.000000	0.000000	0.756482	-0.296836	0.582772	0.542502	-0.212873	-0.812635	0.365276	0.930899	0.000000	0.139193	0.099820	0.067211	0.805027	0.110944	-0.582772	0.577316	0.079562	0.812635	0.136523	-0.990637	-0.000000	0.243855	0.174878	-0.112892	0.855138	-0.506389	0.110944	-0.515542	-0.853163	0.079562	0.054364	-0.125233	-0.990637	0.243855	0.174878	-0.112892	0.832883	-0.223327	0.506389	-0.446313	0.270034	0.853163	-0.327277	-0.936593	0.125233	0.230902	0.190540	-0.167214	0.023897	-0.974451	-0.223327	-0.959056	-0.085407	0.270034	-0.282208	0.207730	-0.936593	
0.180000	0.000000	0.000000	0.000000	0.814764	-0.579793	0.000000	0.579793	0.814764	0.000000	0.000000	0.000000	1.000000	0.000000	0.000000	0.000000	0.759426	-0.295149	0.579793	0.540414	-0.210030	-0.814764	0.362250	0.932081	0.000000	0.139734	0.099436	0.066654	0.806536	0.115497	-0.579793	0.573938	0.082188	0.814764	0.141755	-0.989902	-0.000000	0.245445	0.174661	-0.112766	0.852267	-0.510198	0.115497	-0.520073	-0.850158	0.082188	0.056258	-0.130113	-0.989902	0.245445	0.174661	-0.112766	0.832841	-0.214650	0.510198	-0.450609	0.272365	0.850158	-0.321447	-0.937946	0.130113	0.232995	0.190458	-0.167167	0.020669	-0.976472	-0.214650	-0.958848	-0.080168	0.272365	-0.283165	0.200188	-0.937946	
0.190000	0.000000	0.000000	0.000000	0.816909	-0.576767	0.000000	0.576767	0.816909	0.000000	0.000000	0.000000	1.000000	0.000000	0.000000	0.000000	0.762433	-0.293320	0.576767	0.538305	-0.207094	-0.816909	0.359061	0.933314	0.000000	0.140288	0.099048	0.066067	0.808015	0.120214	-0.576767	0.570488	0.084876	0.816909	0.147158	-0.989113	-0.000000	0.247075	0.174444	-0.112642	0.849302	-0.514038	0.120214	-0.524690	-0.847052	0.084876	0.058199	-0.135160	-0.989113	0.247075	0.174444	-0.112642	0.832744	-0.205675	0.514038	-0.455025	0.274691	0.847052	-0.315419	-0.939278	0.135160	0.235146	0.190376	-0.167120	0.017386	-0.978466	-0.205675	-0.958621	-0.074774	0.274691	-0.284155	0.192389	-0.939278	
0.200000	0.000000	0.000000	0.000000	0.819062	-0.573705	0.000000	0.573705	0.819062	0.000000	0.000000	0.000000	1.000000	0.000000	0.000000	0.000000	0.765492	-0.291348	0.573705	0.536183	-0.204072	-0.819062	0.355709	0.934597	0.000000	0.140851	0.098658	0.065451	0.809454	0.125085	-0.573705	0.566976	0.087615	0.819062	0.152718	-0.988270	-0.000000	0.248741	0.174229	-0.112520	0.846252	-0.517891	0.125085	-0.529373	-0.843853	0.087615	0.060179	-0.140361	-0.988270	0.248741	0.174229	-0.112520	0.832590	-0.196425	0.517891	-0.459547	0.277000	0.843853	-0.309210	-0.940579	0.140361	0.237348	0.190295	-0.167074	0.014060	-0.980418	-0.196425	-0.958372	-0.069240	0.277000	-0.285177	0.184354	-0.940579	
0.210000	0.000000	0.000000	0.000000	0.821214	-0.570620	0.000000	0.570620	0.821214	0.000000	0.000000	0.000000	1.000000	0.000000	0.000000	0.000000	0.768595	-0.289231	0.570620	0.534058	-0.200972	-0.821214	0.352199	0.935925	0.000000	0.141421	0.098267	0.064805	0.810844	0.130097	-0.570620	0.563414	0.090398	0.821214	0.158421	-0.987372	-0.000000	0.250437	0.174016	-0.112403	0.843125	-0.521742	0.130097	-0.534108	-0.840569	0.090398	0.062191	-0.145703	-0.987372	0.250437	0.174016	-0.112403	0.832373	-0.186924	0.521742	-0.464162	0.279281	0.840569	-0.302835	-0.941840	0.145703	0.239596	0.190215	-0.167030	0.010703	-0.982316	-0.186924	-0.958102	-0.063583	0.279281	-0.286227	0.176103	-0.941840	
0.220000	0.000000	0.000000	0.000000	0.823358	-0.567522	0.000000	0.567522	0.823358	0.000000	0.000000	0.000000	1.000000	0.000000	0.000000	0.000000	0.771730	-0.286968	0.567522	0.531936	-0.197801	-0.823358	0.348534	0.937296	0.000000	0.141998	0.097876	0.064130	0.812176	0.135238	-0.567522	0.559814	0.093216	0.823358	0.164251	-0.986419	-0.000000	0.252159	0.173808	-0.112290	0.839931	-0.525573	0.135238	-0.538879	-0.837210	0.093216	0.064230	-0.151172	-0.986419	0.252159	0.173808	-0.112290	0.832091	-0.177197	0.525573	-0.468855	0.281521	0.837210	-0.296311	-0.943052	0.151172	0.241882	0.190136	-0.166987	0.007326	-0.984148	-0.177197	-0.957811	-0.057818	0.281521	-0.287304	0.167658	-0.943052	
0.230000	0.000000	0.000000	0.000000	0.825486	-0.564422	0.000000	0.564422	0.825486	0.000000	0.000000	0.000000	1.000000	0.000000	0.000000	0.000000	0.774889	-0.284561	0.564422	0.529826	-0.194567	-0.825486	0.344719	0.938706	0.000000	0.142580	0.097488	0.063428	0.813443	0.140493	-0.564422	0.556187	0.096062	0.825486	0.170195	-0.985410	-0.000000	0.253901	0.173603	-0.112182	0.836678	-0.529369	0.140493	-0.543669	-0.833784	0.096062	0.066289	-0.156755	-0.985410	0.253901	0.173603	-0.112182	0.831739	-0.167268	0.529369	-0.473615	0.283713	0.833784	-0.289654	-0.944208	0.156755	0.244199	0.190059	-0.166946	0.003941	-0.985904	-0.167268	-0.957500	-0.051962	0.283713	-0.288405	0.159041	-0.944208	
0.240000	0.000000	0.000000	0.000000	0.827592	-0.561330	0.000000	0.561330	0.827592	0.000000	0.000000	0.000000	1.000000	0.000000	0.000000	0.000000	0.778062	-0.282009	0.561330	0.527735	-0.191278	-0.827592	0.340758	0.940151	0.000000	0.143163	0.097103	0.062699	0.814639	0.145852	-0.561330	0.552544	0.098927	0.827592	0.176236	-0.984348	-0.000000	0.255658	0.173405	-0.112080	0.833375	-0.533117	0.145852	-0.548465	-0.830301	0.098927	0.068361	-0.162437	-0.984348	0.255658	0.173405	-0.112080	0.831316	-0.157163	0.533117	-0.478427	0.285846	0.830301	-0.282882	-0.945300	0.162437	0.246543	0.189984	-0.166908	0.000559	-0.987573	-0.157163	-0.957169	-0.046032	0.285846	-0.289528	0.150272	-0.945300	
0.250000	0.000000	0.000000	0.000000	0.829669	-0.558255	0.000000	0.558255	0.829669	0.000000	0.000000	0.000000	1.000000	0.000000	0.000000	0.000000	0.781239	-0.279315	0.558255	0.525668	-0.187941	-0.829669	0.336658	0.941627	0.000000	0.143748	0.096723	0.061945	0.815757	0.151298	-0.558255	0.548894	0.101803	0.829669	0.182360	-0.983232	-0.000000	0.257425	0.173212	-0.111985	0.830031	-0.536803	0.151298	-0.553251	-0.826770	0.101803	0.070441	-0.168206	-0.983232	0.257425	0.173212	-0.111985	0.830819	-0.146908	0.536803	-0.483277	0.287913	0.826770	-0.276012	-0.946321	0.168206	0.248905	0.189911	-0.166872	-0.002811	-0.989146	-0.146908	-0.956819	-0.040042	0.287913	-0.290670	0.141374	-0.946321	
0.260000	0.000000	0.000000	0.000000	0.831712	-0.555207	0.000000	0.555207	0.831712	0.000000	0.000000	0.000000	1.000000	0.000000	0.000000	0.000000	0.784412	-0.276484	0.555207	0.523632	-0.184566	-0.831712	0.332427	0.943129	0.000000	0.144332	0.096348	0.061167	0.816794	0.156819	-0.555207	0.545248	0.104684	0.831712	0.188550	-0.982064	-0.000000	0.259198	0.173027	-0.111897	0.826656	-0.540414	0.156819	-0.558015	-0.823201	0.104684	0.072521	-0.174045	-0.982064	0.259198	0.173027	-0.111897	0.830248	-0.136531	0.540414	-0.488154	0.289906	0.823201	-0.269062	-0.947267	0.174045	0.251279	0.189841	-0.166839	-0.006158	-0.990617	-0.136531	-0.956451	-0.034010	0.289906	-0.291829	0.132371	-0.947267	
0.270000	0.000000	0.000000	0.000000	0.833716	-0.552194	0.000000	0.552194	0.833716	0.000000	0.000000	0.000000	1.000000	0.000000	0.000000	0.000000	0.787572	-0.273519	0.552194	0.521632	-0.181159	-0.833716	0.328072	0.944653	0.000000	0.144913	0.095980	0.060365	0.817746	0.162400	-0.552194	0.541617	0.107563	0.833716	0.194791	-0.980845	-0.000000	0.260971	0.172849	-0.111817	0.823259	-0.543940	0.162400	-0.562743	-0.819604	0.107563	0.074596	-0.179942	-0.980845	0.260971	0.172849	-0.111817	0.829602	-0.126058	0.543940	-0.493043	0.291819	0.819604	-0.262050	-0.948130	0.179942	0.253660	0.189774	-0.166808	-0.009474	-0.991978	-0.126058	-0.956065	-0.027953	0.291819	-0.293002	0.123285	-0.948130	
0.280000	0.000000	0.000000	0.000000	0.835675	-0.549224	0.000000	0.549224	0.835675	0.000000	0.000000	0.000000	1.000000	0.000000	0.000000	0.000000	0.790710	-0.270427	0.549224	0.519672	-0.177731	-0.835675	0.323603	0.946193	0.000000	0.145491	0.095620	0.059543	0.818608	0.168027	-0.549224	0.538008	0.110431	0.835675	0.201067	-0.979578	-0.000000	0.262740	0.172679	-0.111744	0.819850	-0.547369	0.168027	-0.567423	-0.815988	0.110431	0.076661	-0.185879	-0.979578	0.262740	0.172679	-0.111744	0.828880	-0.115518	0.547369	-0.497931	0.293648	0.815988	-0.254995	-0.948908	0.185879	0.256040	0.189710	-0.166781	-0.012749	-0.993224	-0.115518	-0.955663	-0.021886	0.293648	-0.294186	0.114140	-0.948908	
0.290000	0.000000	0.000000	0.000000	0.837586	-0.546305	0.000000	0.546305	0.837586	0.000000	0.000000	0.000000	1.000000	0.000000	0.000000	0.000000	0.793818	-0.267215	0.546305	0.517758	-0.174287	-0.837586	0.319029	0.947745	0.000000	0.146062	0.095268	0.058701	0.819381	0.173683	-0.546305	0.534431	0.113282	0.837586	0.207361	-0.978265	-0.000000	0.264500	0.172517	-0.111680	0.816438	-0.550693	0.173683	-0.572043	-0.812363	0.113282	0.078709	-0.191842	-0.978265	0.264500	0.172517	-0.111680	0.828085	-0.104938	0.550693	-0.502805	0.295387	0.812363	-0.247915	-0.949597	0.191842	0.258414	0.189650	-0.166757	-0.015976	-0.994350	-0.104938	-0.955247	-0.015825	0.295387	-0.295378	0.104960	-0.949597	
0.300000	0.000000	0.000000	0.000000	0.839445	-0.543445	0.000000	0.543445	0.839445	0.000000	0.000000	0.000000	1.000000	0.000000	0.000000	0.000000	0.796887	-0.263891	0.543445	0.515894	-0.170839	-0.839445	0.314363	0.949303	0.000000	0.146627	0.094924	0.057843	0.820061	0.179353	-0.543445	0.530896	0.116110	0.839445	0.213656	-0.976909	-0.000000	0.266247	0.172364	-0.111625	0.813034	-0.553903	0.179353	-0.576592	-0.808740	0.116110	0.080736	-0.197815	-0.976909	0.266247	0.172364	-0.111625	0.827218	-0.094348	0.553903	-0.507653	0.297033	0.808740	-0.240830	-0.950195	0.197815	0.260775	0.189592	-0.166736	-0.019146	-0.995355	-0.094348	-0.954817	-0.009789	0.297033	-0.296576	0.095772	-0.950195	
0.310000	0.000000	0.000000	0.000000	0.841249	-0.540648	0.000000	0.540648	0.841249	0.000000	0.000000	0.000000	1.000000	0.000000	0.000000	0.000000	0.799911	-0.260465	0.540648	0.514082	-0.167394	-0.841249	0.309617	0.950861	0.000000	0.147184	0.094591	0.056970	0.820650	0.185021	-0.540648	0.527410	0.118908	0.841249	0.219936	-0.975514	-0.000000	0.267975	0.172220	-0.111578	0.809646	-0.556992	0.185021	-0.581058	-0.805129	0.118908	0.082735	-0.203781	-0.975514	0.267975	0.172220	-0.111578	0.826281	-0.083777	0.556992	-0.512460	0.298583	0.805129	-0.233760	-0.950700	0.203781	0.263116	0.189538	-0.166718	-0.022251	-0.996236	-0.083777	-0.954376	-0.003793	0.298583	-0.297777	0.086598	-0.950700	
0.320000	0.000000	0.000000	0.000000	0.842994	-0.537923	0.000000	0.537923	0.842994	0.000000	0.000000	0.000000	1.000000	0.000000	0.000000	0.000000	0.802880	-0.256948	0.537923	0.512326	-0.163962	-0.842994	0.304805	0.952415	0.000000	0.147730	0.094268	0.056084	0.821147	0.190671	-0.537923	0.523983	0.121669	0.842994	0.226183	-0.974085	-0.000000	0.269680	0.172085	-0.111540	0.806285	-0.559954	0.190671	-0.585431	-0.801540	0.121669	0.084701	-0.209725	-0.974085	0.269680	0.172085	-0.111540	0.825279	-0.073256	0.559954	-0.517215	0.300037	0.801540	-0.226724	-0.951111	0.209725	0.265431	0.189487	-0.166704	-0.025285	-0.996993	-0.073256	-0.953925	0.002147	0.300037	-0.298977	0.077467	-0.951111	
0.330000	0.000000	0.000000	0.000000	0.844678	-0.535274	0.000000	0.535274	0.844678	0.000000	0.000000	0.000000	1.000000	0.000000	0.000000	0.000000	0.805787	-0.253354	0.535274	0.510629	-0.160551	-0.844678	0.299941	0.953958	0.000000	0.148265	0.093956	0.055189	0.821555	0.196286	-0.535274	0.520621	0.124387	0.844678	0.232380	-0.972625	-0.000000	0.271357	0.171960	-0.111510	0.802961	-0.562783	0.196286	-0.589702	-0.797985	0.124387	0.086630	-0.215628	-0.972625	0.271357	0.171960	-0.111510	0.824214	-0.062815	0.562783	-0.521904	0.301392	0.797985	-0.219743	-0.951429	0.215628	0.267714	0.189440	-0.166693	-0.028241	-0.997626	-0.062815	-0.953467	0.008014	0.301392	-0.300173	0.068403	-0.951429	
0.340000	0.000000	0.000000	0.000000	0.846299	-0.532708	0.000000	0.532708	0.846299	0.000000	0.000000	0.000000	1.000000	0.000000	0.000000	0.000000	0.808625	-0.249695	0.532708	0.508994	-0.157172	-0.846299	0.295043	0.955484	0.000000	0.148787	0.093655	0.054288	0.821875	0.201849	-0.532708	0.517334	0.127055	0.846299	0.238508	-0.971140	-0.000000	0.273003	0.171843	-0.111489	0.799684	-0.565475	0.201849	-0.593860	-0.794473	0.127055	0.088517	-0.221474	-0.971140	0.273003	0.171843	-0.111489	0.823094	-0.052485	0.565475	-0.526514	0.302649	0.794473	-0.212838	-0.951656	0.221474	0.269959	0.189397	-0.166685	-0.031111	-0.998137	-0.052485	-0.953002	0.013790	0.302649	-0.301361	0.059434	-0.951656	
0.350000	0.000000	0.000000	0.000000	0.847855	-0.530228	0.000000	0.530228	0.847855	0.000000	0.000000	0.000000	1.000000	0.000000	0.000000	0.000000	0.811387	-0.245986	0.530228	0.507422	-0.153834	-0.847855	0.290128	0.956988	0.000000	0.149295	0.093366	0.053384	0.822111	0.207343	-0.530228	0.514129	0.129667	0.847855	0.244550	-0.969637	-0.000000	0.274612	0.171736	-0.111477	0.796464	-0.568027	0.207343	-0.597897	-0.791015	0.129667	0.090357	-0.227245	-0.969637	0.274612	0.171736	-0.111477	0.821922	-0.042299	0.568027	-0.531032	0.303808	0.791015	-0.206030	-0.951794	0.227245	0.272159	0.189357	-0.166681	-0.033891	-0.998530	-0.042299	-0.952534	0.019461	0.303808	-0.302538	0.050587	-0.951794	
0.360000	0.000000	0.000000	0.000000	0.849344	-0.527840	0.000000	0.527840	0.849344	0.000000	0.000000	0.000000	1.000000	0.000000	0.000000	0.000000	0.814065	-0.242245	0.527840	0.505916	-0.150548	-0.849344	0.285214	0.958464	0.000000	0.149788	0.093088	0.052479	0.822267	0.212749	-0.527840	0.511013	0.132217	0.849344	0.250486	-0.968120	-0.000000	0.276180	0.171637	-0.111472	0.793310	-0.570436	0.212749	-0.601804	-0.787623	0.132217	0.092145	-0.232922	-0.968120	0.276180	0.171637	-0.111472	0.820707	-0.032288	0.570436	-0.535446	0.304872	0.787623	-0.199340	-0.951846	0.232922	0.274308	0.189320	-0.166679	-0.036575	-0.998809	-0.032288	-0.952065	0.025008	0.304872	-0.303701	0.041891	-0.951846	
0.370000	0.000000	0.000000	0.000000	0.850764	-0.525548	0.000000	0.525548	0.850764	0.000000	0.000000	0.000000	1.000000	0.000000	0.000000	0.000000	0.816653	-0.238489	0.525548	0.504476	-0.147323	-0.850764	0.280323	0.959906	0.000000	0.150264	0.092824	0.051579	0.822347	0.218049	-0.525548	0.507993	0.134697	0.850764	0.256298	-0.966598	-0.000000	0.277704	0.171548	-0.111475	0.790234	-0.572700	0.218049	-0.605572	-0.784308	0.134697	0.093877	-0.238487	-0.966598	0.277704	0.171548	-0.111475	0.819457	-0.022486	0.572700	-0.539743	0.305841	0.784308	-0.192791	-0.951817	0.238487	0.276399	0.189286	-0.166680	-0.039156	-0.998980	-0.022486	-0.951597	0.030415	0.305841	-0.304845	0.033373	-0.951817	
0.380000	0.000000	0.000000	0.000000	0.852114	-0.523356	0.000000	0.523356	0.852114	0.000000	0.000000	0.000000	1.000000	0.000000	0.000000	0.000000	0.819144	-0.234737	0.523356	0.503106	-0.144172	-0.852114	0.275476	0.961308	0.000000	0.150723	0.092571	0.050688	0.822356	0.223225	-0.523356	0.505078	0.137102	0.852114	0.261966	-0.965077	-0.000000	0.279177	0.171466	-0.111485	0.787244	-0.574820	0.223225	-0.609194	-0.781080	0.137102	0.095548	-0.243920	-0.965077	0.279177	0.171466	-0.111485	0.818178	-0.012926	0.574820	-0.543910	0.306718	0.781080	-0.186404	-0.951713	0.243920	0.278428	0.189256	-0.166684	-0.041631	-0.999049	-0.012926	-0.951132	0.035666	0.306718	-0.305966	0.025063	-0.951713	
0.390000	0.000000	0.000000	0.000000	0.853394	-0.521267	0.000000	0.521267	0.853394	0.000000	0.000000	0.000000	1.000000	0.000000	0.000000	0.000000	0.821533	-0.231009	0.521267	0.501805	-0.141104	-0.853394	0.270695	0.962665	0.000000	0.151162	0.092332	0.049808	0.822301	0.228258	-0.521267	0.502275	0.139424	0.853394	0.267471	-0.963566	-0.000000	0.280598	0.171394	-0.111502	0.784351	-0.576794	0.228258	-0.612662	-0.777950	0.139424	0.097155	-0.249202	-0.963566	0.280598	0.171394	-0.111502	0.816881	-0.003641	0.576794	-0.547935	0.307508	0.777950	-0.180201	-0.951539	0.249202	0.280386	0.189229	-0.166691	-0.043993	-0.999025	-0.003641	-0.950673	0.040743	0.307508	-0.307060	0.016990	-0.951539	
0.400000	0.000000	0.000000	0.000000	0.854601	-0.519285	0.000000	0.519285	0.854601	0.000000	0.000000	0.000000	1.000000	0.000000	0.000000	0.000000	0.823811	-0.227327	0.519285	0.500576	-0.138132	-0.854601	0.266004	0.963972	0.000000	0.151581	0.092106	0.048945	0.822188	0.233129	-0.519285	0.499590	0.141657	0.854601	0.272793	-0.962073	-0.000000	0.281960	0.171329	-0.111524	0.781565	-0.578625	0.233129	-0.615968	-0.774930	0.141657	0.098692	-0.254314	-0.962073	0.281960	0.171329	-0.111524	0.815576	0.005333	0.578625	-0.551804	0.308213	0.774930	-0.174207	-0.951302	0.254314	0.282269	0.189205	-0.166699	-0.046239	-0.998916	0.005333	-0.950222	0.045631	0.308213	-0.308123	0.009183	-0.951302	
0.410000	0.000000	0.000000	0.000000	0.855736	-0.517414	0.000000	0.517414	0.855736	0.000000	0.000000	0.000000	1.000000	0.000000	0.000000	0.000000	0.825975	-0.223714	0.517414	0.499419	-0.135267	-0.855736	0.261429	0.965223	0.000000	0.151979	0.091893	0.048103	0.822025	0.237818	-0.517414	0.497031	0.143795	0.855736	0.277911	-0.960607	-0.000000	0.283260	0.171271	-0.111551	0.778895	-0.580314	0.237818	-0.619105	-0.772032	0.143795	0.100157	-0.259235	-0.960607	0.283260	0.171271	-0.111551	0.814273	0.013963	0.580314	-0.555505	0.308838	0.772032	-0.168443	-0.951012	0.259235	0.284070	0.189184	-0.166710	-0.048364	-0.998732	0.013963	-0.949783	0.050311	0.308838	-0.309149	0.001675	-0.951012	
0.420000	0.000000	0.000000	0.000000	0.856796	-0.515655	0.000000	0.515655	0.856796	0.000000	0.000000	0.000000	1.000000	0.000000	0.000000	0.000000	0.828019	-0.220193	0.515655	0.498336	-0.132521	-0.856796	0.256996	0.966413	0.000000	0.152355	0.091694	0.047287	0.821820	0.242305	-0.515655	0.494605	0.145829	0.856796	0.282804	-0.959178	-0.000000	0.284495	0.171221	-0.111583	0.776353	-0.581863	0.242305	-0.622065	-0.769265	0.145829	0.101544	-0.263945	-0.959178	0.284495	0.171221	-0.111583	0.812984	0.022213	0.581863	-0.559026	0.309388	0.769265	-0.162934	-0.950676	0.263945	0.285783	0.189165	-0.166722	-0.050364	-0.998484	0.022213	-0.949357	0.054768	0.309388	-0.310135	-0.005506	-0.950676	
0.430000	0.000000	0.000000	0.000000	0.857782	-0.514013	0.000000	0.514013	0.857782	0.000000	0.000000	0.000000	1.000000	0.000000	0.000000	0.000000	0.829936	-0.216788	0.514013	0.497327	-0.129907	-0.857782	0.252731	0.967537	0.000000	0.152708	0.091508	0.046503	0.821580	0.246571	-0.514013	0.492319	0.147754	0.857782	0.287452	-0.957795	-0.000000	0.285659	0.171177	-0.111618	0.773947	-0.583274	0.246571	-0.624842	-0.766643	0.147754	0.102851	-0.268422	-0.957795	0.285659	0.171177	-0.111618	0.811719	0.030046	0.583274	-0.562353	0.309867	0.766643	-0.157703	-0.950305	0.268422	0.287401	0.189149	-0.166736	-0.052234	-0.998183	0.030046	-0.948949	0.058985	0.309867	-0.311076	-0.012327	-0.950305	
0.440000	0.000000	0.000000	0.000000	0.858693	-0.512490	0.000000	0.512490	0.858693	0.000000	0.000000	0.000000	1.000000	0.000000	0.000000	0.000000	0.831721	-0.213526	0.512490	0.496393	-0.127438	-0.858693	0.248664	0.968590	0.000000	0.153037	0.091336	0.045754	0.821314	0.250595	-0.512490	0.490181	0.149561	0.858693	0.291832	-0.956469	-0.000000	0.286749	0.171139	-0.111655	0.771688	-0.584552	0.250595	-0.627429	-0.764176	0.149561	0.104072	-0.272645	-0.956469	0.286749	0.171139	-0.111655	0.810493	0.037428	0.584552	-0.565475	0.310280	0.764176	-0.152773	-0.949908	0.272645	0.288919	0.189135	-0.166750	-0.053972	-0.997841	0.037428	-0.948559	0.062945	0.310280	-0.311966	-0.018757	-0.949908	
0.450000	0.000000	0.000000	0.000000	0.859528	-0.511089	0.000000	0.511089	0.859528	0.000000	0.000000	0.000000	1.000000	0.000000	0.000000	0.000000	0.833371	-0.210431	0.511089	0.495536	-0.125126	-0.859528	0.244822	0.969568	0.000000	0.153340	0.091179	0.045047	0.821031	0.254356	-0.511089	0.488198	0.151244	0.859528	0.295925	-0.955211	-0.000000	0.287760	0.171107	-0.111694	0.769585	-0.585699	0.254356	-0.629819	-0.761875	0.151244	0.105204	-0.276593	-0.955211	0.287760	0.171107	-0.111694	0.809316	0.044323	0.585699	-0.568378	0.310634	0.761875	-0.148170	-0.949496	0.276593	0.290331	0.189123	-0.166765	-0.055573	-0.997470	0.044323	-0.948191	0.066630	0.310634	-0.312801	-0.024763	-0.949496	
0.460000	0.000000	0.000000	0.000000	0.860286	-0.509812	0.000000	0.509812	0.860286	0.000000	0.000000	0.000000	1.000000	0.000000	0.000000	0.000000	0.834879	-0.207530	0.509812	0.494756	-0.122984	-0.860286	0.241234	0.970467	0.000000	0.153618	0.091035	0.044387	0.820739	0.257834	-0.509812	0.486377	0.152794	0.860286	0.299707	-0.954031	-0.000000	0.288689	0.171080	-0.111733	0.767647	-0.586719	0.257834	-0.632005	-0.759753	0.152794	0.106243	-0.280245	-0.954031	0.288689	0.171080	-0.111733	0.808202	0.050693	0.586719	-0.571049	0.310933	0.759753	-0.143916	-0.949079	0.280245	0.291630	0.189114	-0.166780	-0.057033	-0.997084	0.050693	-0.947849	0.070025	0.310933	-0.313576	-0.030315	-0.949079	
0.470000	0.000000	0.000000	0.000000	0.860966	-0.508663	0.000000	0.508663	0.860966	0.000000	0.000000	0.000000	1.000000	0.000000	0.000000	0.000000	0.836241	-0.204851	0.508663	0.494055	-0.121027	-0.860966	0.237931	0.971282	0.000000	0.153868	0.090906	0.043779	0.820449	0.261009	-0.508663	0.484725	0.154205	0.860966	0.303158	-0.952940	-0.000000	0.289532	0.171057	-0.111772	0.765886	-0.587616	0.261009	-0.633979	-0.757820	0.154205	0.107184	-0.283578	-0.952940	0.289532	0.171057	-0.111772	0.807165	0.056502	0.587616	-0.573476	0.311182	0.757820	-0.140037	-0.948669	0.283578	0.292809	0.189106	-0.166794	-0.058349	-0.996696	0.056502	-0.947534	0.073112	0.311182	-0.314285	-0.035380	-0.948669	
0.480000	0.000000	0.000000	0.000000	0.861567	-0.507644	0.000000	0.507644	0.861567	0.000000	0.000000	0.000000	1.000000	0.000000	0.000000	0.000000	0.837451	-0.202418	0.507644	0.493434	-0.119267	-0.861567	0.234942	0.972009	0.000000	0.154091	0.090792	0.043229	0.820169	0.263859	-0.507644	0.483251	0.155468	0.861567	0.306255	-0.951950	-0.000000	0.290285	0.171039	-0.111809	0.764310	-0.588395	0.263859	-0.635736	-0.756088	0.155468	0.108024	-0.286571	-0.951950	0.290285	0.171039	-0.111809	0.806215	0.061714	0.588395	-0.575647	0.311387	0.756088	-0.136557	-0.948277	0.286571	0.293864	0.189099	-0.166809	-0.059517	-0.996318	0.061714	-0.947249	0.075874	0.311387	-0.314923	-0.039926	-0.948277	
0.490000	0.000000	0.000000	0.000000	0.862089	-0.506758	0.000000	0.506758	0.862089	0.000000	0.000000	0.000000	1.000000	0.000000	0.000000	0.000000	0.838506	-0.200260	0.506758	0.492895	-0.117718	-0.862089	0.232296	0.972645	0.000000	0.154285	0.090693	0.042742	0.819906	0.266365	-0.506758	0.481962	0.156576	0.862089	0.308976	-0.951070	-0.000000	0.290943	0.171024	-0.111843	0.762929	-0.589057	0.266365	-0.637268	-0.754568	0.156576	0.108758	-0.289202	-0.951070	0.290943	0.171024	-0.111843	0.805367	0.066293	0.589057	-0.577547	0.311553	0.754568	-0.133500	-0.947913	0.289202	0.294788	0.189094	-0.166822	-0.060533	-0.995962	0.066293	-0.946998	0.078294	0.311553	-0.315485	-0.043920	-0.947913	
0.500000	0.000000	0.000000	0.000000	0.862529	-0.506008	0.000000	0.506008	0.862529	0.000000	0.000000	0.000000	1.000000	0.000000	0.000000	0.000000	0.839401	-0.198400	0.506008	0.492440	-0.116393	-0.862529	0.230021	0.973186	0.000000	0.154450	0.090609	0.042324	0.819671	0.268505	-0.506008	0.480865	0.157520	0.862529	0.311300	-0.950312	-0.000000	0.291503	0.171012	-0.111873	0.761753	-0.589608	0.268505	-0.638567	-0.753273	0.157520	0.109382	-0.291450	-0.950312	0.291503	0.171012	-0.111873	0.804633	0.070202	0.589608	-0.579166	0.311684	0.753273	-0.130890	-0.947589	0.291450	0.295575	0.189090	-0.166833	-0.061393	-0.995642	0.070202	-0.946782	0.080356	0.311684	-0.315967	-0.047331	-0.947589	
0.510000	0.000000	0.000000	0.000000	0.862886	-0.505399	0.000000	0.505399	0.862886	0.000000	0.000000	0.000000	1.000000	0.000000	0.000000	0.000000	0.840129	-0.196865	0.505399	0.492070	-0.115305	-0.862886	0.228147	0.973627	0.000000	0.154584	0.090541	0.041979	0.819470	0.270260	-0.505399	0.479970	0.158293	0.862886	0.313205	-0.949686	-0.000000	0.291960	0.171003	-0.111899	0.760791	-0.590048	0.270260	-0.639626	-0.752212	0.158293	0.109892	-0.293293	-0.949686	0.291960	0.171003	-0.111899	0.804024	0.073406	0.590048	-0.580490	0.311784	0.752212	-0.128751	-0.947313	0.293293	0.296218	0.189087	-0.166843	-0.062092	-0.995367	0.073406	-0.946604	0.082043	0.311784	-0.316362	-0.050127	-0.947313	
0.520000	0.000000	0.000000	0.000000	0.863159	-0.504933	0.000000	0.504933	0.863159	0.000000	0.000000	0.000000	1.000000	0.000000	0.000000	0.000000	0.840686	-0.195677	0.504933	0.491787	-0.114468	-0.863159	0.226699	0.973965	0.000000	0.154686	0.090489	0.041713	0.819311	0.271610	-0.504933	0.479283	0.158887	0.863159	0.314670	-0.949201	-0.000000	0.292311	0.170997	-0.111920	0.760052	-0.590380	0.271610	-0.640436	-0.751397	0.158887	0.110283	-0.294711	-0.949201	0.292311	0.170997	-0.111920	0.803552	0.075869	0.590380	-0.581505	0.311857	0.751397	-0.127106	-0.947095	0.294711	0.296711	0.189084	-0.166851	-0.062627	-0.995149	0.075869	-0.946467	0.083339	0.311857	-0.316667	-0.052277	-0.947095	
0.530000	0.000000	0.000000	0.000000	0.863344	-0.504615	0.000000	0.504615	0.863344	0.000000	0.000000	0.000000	1.000000	0.000000	0.000000	0.000000	0.841067	-0.194860	0.504615	0.491594	-0.113894	-0.863344	0.225704	0.974196	0.000000	0.154756	0.090453	0.041530	0.819200	0.272535	-0.504615	0.478813	0.159294	0.863344	0.315674	-0.948868	-0.000000	0.292551	0.170993	-0.111934	0.759547	-0.590604	0.272535	-0.640989	-0.750838	0.159294	0.110550	-0.295683	-0.948868	0.292551	0.170993	-0.111934	0.803226	0.077557	0.590604	-0.582200	0.311904	0.750838	-0.125979	-0.946943	0.295683	0.297049	0.189083	-0.166857	-0.062991	-0.994996	0.077557	-0.946373	0.084225	0.311904	-0.316876	-0.053751	-0.946943	
0.540000	0.000000	0.000000	0.000000	0.863455	-0.504426	0.000000	0.504426	0.863455	0.000000	0.000000	0.000000	1.000000	0.000000	0.000000	0.000000	0.841293	-0.194372	0.504426	0.491480	-0.113551	-0.863455	0.225109	0.974334	0.000000	0.154798	0.090432	0.041420	0.819132	0.273087	-0.504426	0.478533	0.159536	0.863455	0.316273	-0.948668	-0.000000	0.292694	0.170990	-0.111943	0.759246	-0.590736	0.273087	-0.641318	-0.750506	0.159536	0.110710	-0.296263	-0.948668	0.292694	0.170990	-0.111943	0.803031	0.078563	0.590736	-0.582614	0.311932	0.750506	-0.125307	-0.946851	0.296263	0.297250	0.189082	-0.166860	-0.063208	-0.994903	0.078563	-0.946317	0.084753	0.311932	-0.317000	-0.054629	-0.946851	
0.550000	0.000000	0.000000	0.000000	0.863326	-0.504646	0.000000	0.504646	0.863326	0.000000	0.000000	0.000000	1.000000	0.000000	0.000000	0.000000	0.841203	-0.194189	0.504646	0.491715	-0.113511	-0.863326	0.224931	0.974375	0.000000	0.154781	0.090475	0.041387	0.818960	0.273197	-0.504646	0.478713	0.159694	0.863326	0.316447	-0.948610	-0.000000	0.292681	0.171083	-0.111946	0.759358	-0.590542	0.273197	-0.641178	-0.750592	0.159694	0.110754	-0.296433	-0.948610	0.292681	0.171083	-0.111946	0.803161	0.078700	0.590542	-0.582462	0.312008	0.750592	-0.125182	-0.946814	0.296433	0.297245	0.189179	-0.166861	-0.062974	-0.994907	0.078700	-0.946307	0.084579	0.312008	-0.317076	-0.054826	-0.946814	
0.560000	0.000000	0.000000	0.000000	0.862947	-0.505294	0.000000	0.505294	0.862947	0.000000	0.000000	0.000000	1.000000	0.000000	0.000000	0.000000	0.840938	-0.193651	0.505294	0.492407	-0.113391	-0.862947	0.224406	0.974496	0.000000	0.154733	0.090603	0.041291	0.818453	0.273520	-0.505294	0.479240	0.160158	0.862947	0.316961	-0.948439	-0.000000	0.292643	0.171356	-0.111956	0.759687	-0.589968	0.273520	-0.640766	-0.750845	0.160158	0.110883	-0.296933	-0.948439	0.292643	0.171356	-0.111956	0.803543	0.079103	0.589968	-0.582014	0.312235	0.750845	-0.124815	-0.946706	0.296933	0.297231	0.189465	-0.166865	-0.062285	-0.994919	0.079103	-0.946278	0.084065	0.312235	-0.317298	-0.055406	-0.946706	
0.570000	0.000000	0.000000	0.000000	0.862327	-0.506352	0.000000	0.506352	0.862327	0.000000	0.000000	0.000000	1.000000	0.000000	0.000000	0.000000	0.840504	-0.192769	0.506352	0.493539	-0.113192	-0.862327	0.223545	0.974694	0.000000	0.154653	0.090811	0.041132	0.817621	0.274050	-0.506352	0.480102	0.160920	0.862327	0.317803	-0.948157	-0.000000	0.292581	0.171802	-0.111973	0.760224	-0.589029	0.274050	-0.640091	-0.751258	0.160920	0.111095	-0.297752	-0.948157	0.292581	0.171802	-0.111973	0.804166	0.079764	0.589029	-0.581283	0.312606	0.751258	-0.124211	-0.946528	0.297752	0.297208	0.189933	-0.166871	-0.061159	-0.994936	0.079764	-0.946230	0.083226	0.312606	-0.317662	-0.056356	-0.946528	
