# time	B0_r_i(1)	B0_r_i(2)	B0_r_i(3)	0_A_i(1,1)	0_A_i(1,2)	0_A_i(1,3)	0_A_i(2,1)	...
0.000000	0.000000	0.000000	0.000000	0.789785	-0.613384	0.000000	0.613384	0.789785	0.000000	0.000000	0.000000	1.000000	0.000000	0.000000	0.000000	0.726983	-0.308637	0.613384	0.564609	-0.239702	-0.789785	0.390786	0.920482	0.000000	0.133765	0.103888	0.071905	0.786776	0.068872	-0.613384	0.611047	0.053489	0.789785	0.087203	-0.996191	-0.000000	0.228302	0.177310	-0.114367	0.882166	-0.465876	0.068872	-0.469578	-0.881269	0.053489	0.035775	-0.079527	-0.996191	0.228302	0.177310	-0.114367	0.830853	-0.304372	0.465876	-0.404760	0.243996	0.881269	-0.381906	-0.920773	0.079527	0.210648	0.191461	-0.167772	0.056891	-0.950853	-0.304372	-0.960255	-0.135558	0.243996	-0.273264	0.278394	-0.920773	
0.010000	0.000000	0.000000	0.000000	0.789799	-0.613366	0.000000	0.613366	0.789799	0.000000	0.000000	0.000000	1.000000	0.000000	0.000000	0.000000	0.727000	-0.308631	0.613366	0.564596	-0.239686	-0.789799	0.390771	0.920488	0.000000	0.133768	0.103886	0.071902	0.786789	0.068888	-0.613366	0.611028	0.053499	0.789799	0.087222	-0.996189	-0.000000	0.228309	0.177307	-0.114367	0.882152	-0.465900	0.068888	-0.469604	-0.881255	0.053499	0.035782	-0.079544	-0.996189	0.228309	0.177307	-0.114367	0.830853	-0.304336	0.465900	-0.404784	0.244007	0.881255	-0.381881	-0.920782	0.079544	0.210658	0.191460	-0.167773	0.056871	-0.950866	-0.304336	-0.960256	-0.135530	0.244007	-0.273265	0.278364	-0.920782	
0.020000	0.000000	0.000000	0.000000	0.789843	-0.613309	0.000000	0.613309	0.789843	0.000000	0.000000	0.000000	1.000000	0.000000	0.000000	0.000000	0.727054	-0.308617	0.613309	0.564554	-0.239640	-0.789843	0.390732	0.920504	0.000000	0.133778	0.103878	0.071895	0.786827	0.068959	-0.613309	0.610967	0.053546	0.789843	0.087307	-0.996181	-0.000000	0.228337	0.177303	-0.114364	0.882106	-0.465977	0.068959	-0.469688	-0.881207	0.053546	0.035816	-0.079622	-0.996181	0.228337	0.177303	-0.114364	0.830861	-0.304198	0.465977	-0.404857	0.244059	0.881207	-0.381787	-0.920814	0.079622	0.210694	0.191458	-0.167771	0.056810	-0.950913	-0.304198	-0.960255	-0.135442	0.244059	-0.273280	0.278243	-0.920814	
0.030000	0.000000	0.000000	0.000000	0.789959	-0.613160	0.000000	0.613160	0.789959	0.000000	0.000000	0.000000	1.000000	0.000000	0.000000	0.000000	0.727195	-0.308581	0.613160	0.564444	-0.239518	-0.789959	0.390629	0.920548	0.000000	0.133804	0.103858	0.071876	0.786927	0.069145	-0.613160	0.610807	0.053670	0.789959	0.087529	-0.996162	-0.000000	0.228410	0.177290	-0.114356	0.881984	-0.466179	0.069145	-0.469910	-0.881081	0.053670	0.035902	-0.079827	-0.996162	0.228410	0.177290	-0.114356	0.830880	-0.303835	0.466179	-0.405049	0.244194	0.881081	-0.381542	-0.920898	0.079827	0.210787	0.191453	-0.167769	0.056650	-0.951039	-0.303835	-0.960253	-0.135213	0.244194	-0.273320	0.277926	-0.920898	
0.040000	0.000000	0.000000	0.000000	0.790175	-0.612881	0.000000	0.612881	0.790175	0.000000	0.000000	0.000000	1.000000	0.000000	0.000000	0.000000	0.727459	-0.308512	0.612881	0.564237	-0.239291	-0.790175	0.390436	0.920630	0.000000	0.133852	0.103820	0.071840	0.787113	0.069493	-0.612881	0.610507	0.053901	0.790175	0.087947	-0.996125	-0.000000	0.228546	0.177266	-0.114342	0.881756	-0.466558	0.069493	-0.470324	-0.880846	0.053901	0.036065	-0.080212	-0.996125	0.228546	0.177266	-0.114342	0.830915	-0.303156	0.466558	-0.405409	0.244446	0.880846	-0.381082	-0.921055	0.080212	0.210963	0.191444	-0.167763	0.056350	-0.951273	-0.303156	-0.960250	-0.134783	0.244446	-0.273396	0.277331	-0.921055	
0.050000	0.000000	0.000000	0.000000	0.790517	-0.612440	0.000000	0.612440	0.790517	0.000000	0.000000	0.000000	1.000000	0.000000	0.000000	0.000000	0.727877	-0.308403	0.612440	0.563911	-0.238930	-0.790517	0.390128	0.920761	0.000000	0.133929	0.103760	0.071784	0.787408	0.070047	-0.612440	0.610031	0.054268	0.790517	0.088609	-0.996066	-0.000000	0.228762	0.177229	-0.114319	0.881395	-0.467158	0.070047	-0.470981	-0.880472	0.054268	0.036323	-0.080822	-0.996066	0.228762	0.177229	-0.114319	0.830971	-0.302079	0.467158	-0.405979	0.244846	0.880472	-0.380354	-0.921303	0.080822	0.211241	0.191430	-0.167754	0.055876	-0.951644	-0.302079	-0.960243	-0.134102	0.244846	-0.273515	0.276388	-0.921303	
0.060000	0.000000	0.000000	0.000000	0.791006	-0.611808	0.000000	0.611808	0.791006	0.000000	0.000000	0.000000	1.000000	0.000000	0.000000	0.000000	0.728476	-0.308244	0.611808	0.563444	-0.238413	-0.791006	0.389685	0.920948	0.000000	0.134040	0.103674	0.071702	0.787828	0.070841	-0.611808	0.609350	0.054793	0.791006	0.089558	-0.995982	-0.000000	0.229071	0.177176	-0.114286	0.880877	-0.468014	0.070841	-0.471921	-0.879936	0.054793	0.036692	-0.081697	-0.995982	0.229071	0.177176	-0.114286	0.831049	-0.300533	0.468014	-0.406796	0.245416	0.879936	-0.379308	-0.921657	0.081697	0.211640	0.191410	-0.167742	0.055197	-0.952173	-0.300533	-0.960234	-0.133125	0.245416	-0.273687	0.275036	-0.921657	
0.070000	0.000000	0.000000	0.000000	0.791658	-0.610964	0.000000	0.610964	0.791658	0.000000	0.000000	0.000000	1.000000	0.000000	0.000000	0.000000	0.729276	-0.308025	0.610964	0.562820	-0.237719	-0.791658	0.389089	0.921200	0.000000	0.134187	0.103559	0.071592	0.788386	0.071907	-0.610964	0.608438	0.055495	0.791658	0.090831	-0.995866	-0.000000	0.229484	0.177105	-0.114242	0.880182	-0.469158	0.071907	-0.473178	-0.879217	0.055495	0.037186	-0.082871	-0.995866	0.229484	0.177105	-0.114242	0.831151	-0.298460	0.469158	-0.407890	0.246176	0.879217	-0.377906	-0.922128	0.082871	0.212174	0.191383	-0.167725	0.054290	-0.952877	-0.298460	-0.960220	-0.131815	0.246176	-0.273917	0.273222	-0.922128	
0.080000	0.000000	0.000000	0.000000	0.792486	-0.609890	0.000000	0.609890	0.792486	0.000000	0.000000	0.000000	1.000000	0.000000	0.000000	0.000000	0.730295	-0.307739	0.609890	0.562028	-0.236833	-0.792486	0.388321	0.921524	0.000000	0.134374	0.103413	0.071451	0.789091	0.073272	-0.609890	0.607278	0.056389	0.792486	0.092458	-0.995717	-0.000000	0.230012	0.177015	-0.114186	0.879293	-0.470611	0.073272	-0.474777	-0.878298	0.056389	0.037817	-0.084370	-0.995717	0.230012	0.177015	-0.114186	0.831278	-0.295809	0.470611	-0.409287	0.247138	0.878298	-0.376114	-0.922724	0.084370	0.212855	0.191349	-0.167704	0.053136	-0.953768	-0.295809	-0.960201	-0.130144	0.247138	-0.274210	0.270904	-0.922724	
0.090000	0.000000	0.000000	0.000000	0.793497	-0.608575	0.000000	0.608575	0.793497	0.000000	0.000000	0.000000	1.000000	0.000000	0.000000	0.000000	0.731545	-0.307375	0.608575	0.561060	-0.235742	-0.793497	0.387368	0.921925	0.000000	0.134604	0.103235	0.071276	0.789949	0.074955	-0.608575	0.605853	0.057487	0.793497	0.094461	-0.995529	-0.000000	0.230660	0.176905	-0.114118	0.878198	-0.472387	0.074955	-0.476737	-0.877164	0.057487	0.038592	-0.086219	-0.995529	0.230660	0.176905	-0.114118	0.831427	-0.292540	0.472387	-0.411004	0.248313	0.877164	-0.373905	-0.923451	0.086219	0.213693	0.191308	-0.167678	0.051722	-0.954853	-0.292540	-0.960174	-0.128086	0.248313	-0.274572	0.268046	-0.923451	
0.100000	0.000000	0.000000	0.000000	0.794694	-0.607010	0.000000	0.607010	0.794694	0.000000	0.000000	0.000000	1.000000	0.000000	0.000000	0.000000	0.733033	-0.306923	0.607010	0.559911	-0.234436	-0.794694	0.386215	0.922409	0.000000	0.134878	0.103024	0.071064	0.790958	0.076975	-0.607010	0.604156	0.058795	0.794694	0.096861	-0.995298	-0.000000	0.231434	0.176776	-0.114038	0.876886	-0.474495	0.076975	-0.479071	-0.875805	0.058795	0.039517	-0.088433	-0.995298	0.231434	0.176776	-0.114038	0.831596	-0.288622	0.474495	-0.413056	0.249701	0.875805	-0.371259	-0.924309	0.088433	0.214694	0.191258	-0.167648	0.050039	-0.956135	-0.288622	-0.960139	-0.125625	0.249701	-0.275006	0.264623	-0.924309	
0.110000	0.000000	0.000000	0.000000	0.796079	-0.605193	0.000000	0.605193	0.796079	0.000000	0.000000	0.000000	1.000000	0.000000	0.000000	0.000000	0.734764	-0.306370	0.605193	0.558581	-0.232908	-0.796079	0.384849	0.922980	0.000000	0.135197	0.102779	0.070812	0.792115	0.079344	-0.605193	0.602180	0.060319	0.796079	0.099669	-0.995021	-0.000000	0.232336	0.176626	-0.113946	0.875350	-0.476935	0.079344	-0.481783	-0.874212	0.060319	0.040595	-0.091027	-0.995021	0.232336	0.176626	-0.113946	0.831780	-0.284032	0.476935	-0.415452	0.251302	0.874212	-0.368159	-0.925296	0.091027	0.215862	0.191201	-0.167613	0.048085	-0.957608	-0.284032	-0.960094	-0.122748	0.251302	-0.275514	0.260613	-0.925296	
0.120000	0.000000	0.000000	0.000000	0.797646	-0.603126	0.000000	0.603126	0.797646	0.000000	0.000000	0.000000	1.000000	0.000000	0.000000	0.000000	0.736738	-0.305705	0.603126	0.557072	-0.231153	-0.797646	0.383259	0.923641	0.000000	0.135560	0.102501	0.070520	0.793412	0.082073	-0.603126	0.599925	0.062058	0.797646	0.102894	-0.994692	-0.000000	0.233368	0.176457	-0.113842	0.873584	-0.479703	0.082073	-0.484873	-0.872380	0.062058	0.041829	-0.094008	-0.994692	0.233368	0.176457	-0.113842	0.831975	-0.278753	0.479703	-0.418196	0.253110	0.872380	-0.364596	-0.926408	0.094008	0.217200	0.191137	-0.167574	0.045862	-0.959267	-0.278753	-0.960035	-0.119449	0.253110	-0.276097	0.256004	-0.926408	
0.130000	0.000000	0.000000	0.000000	0.799389	-0.600814	0.000000	0.600814	0.799389	0.000000	0.000000	0.000000	1.000000	0.000000	0.000000	0.000000	0.738952	-0.304913	0.600814	0.555391	-0.229170	-0.799389	0.381433	0.924397	0.000000	0.135967	0.102192	0.070184	0.794839	0.085166	-0.600814	0.597395	0.064010	0.799389	0.106539	-0.994309	-0.000000	0.234528	0.176270	-0.113727	0.871587	-0.482787	0.085166	-0.488332	-0.870307	0.064010	0.043217	-0.097380	-0.994309	0.234528	0.176270	-0.113727	0.832172	-0.272778	0.482787	-0.421288	0.255113	0.870307	-0.360565	-0.927637	0.097380	0.218707	0.191066	-0.167530	0.043373	-0.961099	-0.272778	-0.959961	-0.115728	0.255113	-0.276757	0.250791	-0.927637	
0.140000	0.000000	0.000000	0.000000	0.801296	-0.598268	0.000000	0.598268	0.801296	0.000000	0.000000	0.000000	1.000000	0.000000	0.000000	0.000000	0.741398	-0.303982	0.598268	0.553546	-0.226960	-0.801296	0.379362	0.925248	0.000000	0.136417	0.101852	0.069803	0.796380	0.088626	-0.598268	0.594597	0.066171	0.801296	0.110604	-0.993865	-0.000000	0.235815	0.176065	-0.113603	0.869359	-0.486169	0.088626	-0.492150	-0.867992	0.066171	0.044757	-0.101144	-0.993865	0.235815	0.176065	-0.113603	0.832363	-0.266105	0.486169	-0.424722	0.257297	0.867992	-0.356067	-0.928971	0.101144	0.220381	0.190989	-0.167483	0.040630	-0.963087	-0.266105	-0.959868	-0.111586	0.257297	-0.277493	0.244972	-0.928971	
0.150000	0.000000	0.000000	0.000000	0.803357	-0.595498	0.000000	0.595498	0.803357	0.000000	0.000000	0.000000	1.000000	0.000000	0.000000	0.000000	0.744067	-0.302896	0.595498	0.551549	-0.224525	-0.803357	0.377038	0.926198	0.000000	0.136908	0.101485	0.069375	0.798019	0.092452	-0.595498	0.591542	0.068531	0.803357	0.115082	-0.993356	-0.000000	0.237225	0.175846	-0.113469	0.866902	-0.489829	0.092452	-0.496310	-0.865436	0.068531	0.046443	-0.105295	-0.993356	0.237225	0.175846	-0.113469	0.832539	-0.258740	0.489829	-0.428492	0.259643	0.865436	-0.351104	-0.930397	0.105295	0.222218	0.190905	-0.167432	0.037645	-0.965213	-0.258740	-0.959755	-0.107034	0.259643	-0.278305	0.238553	-0.930397	
0.160000	0.000000	0.000000	0.000000	0.805554	-0.592522	0.000000	0.592522	0.805554	0.000000	0.000000	0.000000	1.000000	0.000000	0.000000	0.000000	0.746947	-0.301642	0.592522	0.549414	-0.221871	-0.805554	0.374453	0.927246	0.000000	0.137438	0.101092	0.068899	0.799737	0.096639	-0.592522	0.588243	0.071082	0.805554	0.119965	-0.992778	-0.000000	0.238752	0.175613	-0.113329	0.864223	-0.493741	0.096639	-0.500789	-0.862646	0.071082	0.048269	-0.109826	-0.992778	0.238752	0.175613	-0.113329	0.832689	-0.250697	0.493741	-0.432584	0.262131	0.862646	-0.345687	-0.931900	0.109826	0.224212	0.190817	-0.167379	0.034435	-0.967453	-0.250697	-0.959618	-0.102083	0.262131	-0.279191	0.231546	-0.931900	
0.170000	0.000000	0.000000	0.000000	0.807872	-0.589358	0.000000	0.589358	0.807872	0.000000	0.000000	0.000000	1.000000	0.000000	0.000000	0.000000	0.750023	-0.300205	0.589358	0.547156	-0.219005	-0.807872	0.371600	0.928393	0.000000	0.138004	0.100677	0.068374	0.801511	0.101178	-0.589358	0.584717	0.073811	0.807872	0.125240	-0.992126	-0.000000	0.240391	0.175370	-0.113183	0.861327	-0.497874	0.101178	-0.505562	-0.859627	0.073811	0.050227	-0.114728	-0.992126	0.240391	0.175370	-0.113183	0.832803	-0.241992	0.497874	-0.436984	0.264738	0.859627	-0.339829	-0.933463	0.114728	0.226355	0.190724	-0.167324	0.031019	-0.969782	-0.241992	-0.959455	-0.096749	0.264738	-0.280150	0.223969	-0.933463	
0.180000	0.000000	0.000000	0.000000	0.810292	-0.586026	0.000000	0.586026	0.810292	0.000000	0.000000	0.000000	1.000000	0.000000	0.000000	0.000000	0.753279	-0.298572	0.586026	0.544792	-0.215936	-0.810292	0.368475	0.929638	0.000000	0.138603	0.100242	0.067799	0.803321	0.106059	-0.586026	0.580984	0.076705	0.810292	0.130890	-0.991397	-0.000000	0.242133	0.175117	-0.113033	0.858225	-0.502197	0.106059	-0.510602	-0.856389	0.076705	0.052307	-0.119984	-0.991397	0.242133	0.175117	-0.113033	0.832869	-0.232652	0.502197	-0.441673	0.267437	0.856389	-0.333547	-0.935067	0.119984	0.228639	0.190629	-0.167267	0.027417	-0.972173	-0.232652	-0.959263	-0.091054	0.267437	-0.281179	0.215842	-0.935067	
0.190000	0.000000	0.000000	0.000000	0.812796	-0.582548	0.000000	0.582548	0.812796	0.000000	0.000000	0.000000	1.000000	0.000000	0.000000	0.000000	0.756696	-0.296731	0.582548	0.542340	-0.212673	-0.812796	0.365074	0.930978	0.000000	0.139232	0.099790	0.067174	0.805144	0.111268	-0.582548	0.577064	0.079748	0.812796	0.136895	-0.990586	-0.000000	0.243970	0.174859	-0.112881	0.854927	-0.506674	0.111268	-0.515877	-0.852943	0.079748	0.054499	-0.125579	-0.990586	0.243970	0.174859	-0.112881	0.832876	-0.222707	0.506674	-0.446630	0.270204	0.852943	-0.326862	-0.936692	0.125579	0.231053	0.190530	-0.167209	0.023653	-0.974598	-0.222707	-0.959042	-0.085020	0.270204	-0.282275	0.207194	-0.936692	
0.200000	0.000000	0.000000	0.000000	0.815364	-0.578948	0.000000	0.578948	0.815364	0.000000	0.000000	0.000000	1.000000	0.000000	0.000000	0.000000	0.760255	-0.294671	0.578948	0.539818	-0.209231	-0.815364	0.361398	0.932412	0.000000	0.139887	0.099327	0.066497	0.806957	0.116786	-0.578948	0.572979	0.082923	0.815364	0.143231	-0.989689	-0.000000	0.245893	0.174596	-0.112729	0.851448	-0.511270	0.116786	-0.521355	-0.849301	0.082923	0.056790	-0.131492	-0.989689	0.245893	0.174596	-0.112729	0.832813	-0.212193	0.511270	-0.451832	0.273011	0.849301	-0.319798	-0.938317	0.131492	0.233586	0.190431	-0.167151	0.019752	-0.977028	-0.212193	-0.958788	-0.078676	0.273011	-0.283434	0.198056	-0.938317	
0.210000	0.000000	0.000000	0.000000	0.817977	-0.575251	0.000000	0.575251	0.817977	0.000000	0.000000	0.000000	1.000000	0.000000	0.000000	0.000000	0.763936	-0.292384	0.575251	0.537246	-0.205622	-0.817977	0.357448	0.933933	0.000000	0.140564	0.098853	0.065770	0.808738	0.122593	-0.575251	0.568754	0.086214	0.817977	0.149873	-0.988705	-0.000000	0.247892	0.174333	-0.112579	0.847802	-0.515948	0.122593	-0.527001	-0.845480	0.086214	0.059167	-0.137699	-0.988705	0.247892	0.174333	-0.112579	0.832668	-0.201152	0.515948	-0.457253	0.275832	0.845480	-0.312385	-0.939923	0.137699	0.236226	0.190331	-0.167095	0.015737	-0.979434	-0.201152	-0.958502	-0.072050	0.275832	-0.284652	0.188464	-0.939923	
0.220000	0.000000	0.000000	0.000000	0.820616	-0.571480	0.000000	0.571480	0.820616	0.000000	0.000000	0.000000	1.000000	0.000000	0.000000	0.000000	0.767717	-0.289863	0.571480	0.534642	-0.201862	-0.820616	0.353226	0.935538	0.000000	0.141260	0.098374	0.064994	0.810466	0.128665	-0.571480	0.564412	0.089603	0.820616	0.156791	-0.987632	-0.000000	0.249956	0.174071	-0.112433	0.844007	-0.520670	0.128665	-0.532781	-0.841496	0.089603	0.061618	-0.144176	-0.987632	0.249956	0.174071	-0.112433	0.832432	-0.189631	0.520670	-0.462864	0.278641	0.841496	-0.304654	-0.941488	0.144176	0.238958	0.190232	-0.167039	0.011636	-0.981786	-0.189631	-0.958181	-0.065175	0.278641	-0.285925	0.178459	-0.941488	
0.230000	0.000000	0.000000	0.000000	0.823262	-0.567662	0.000000	0.567662	0.823262	0.000000	0.000000	0.000000	1.000000	0.000000	0.000000	0.000000	0.771577	-0.287105	0.567662	0.532023	-0.197967	-0.823262	0.348741	0.937219	0.000000	0.141970	0.097892	0.064168	0.812122	0.134977	-0.567662	0.559980	0.093070	0.823262	0.163954	-0.986468	-0.000000	0.252074	0.173812	-0.112292	0.840081	-0.525401	0.134977	-0.538658	-0.837368	0.093070	0.064126	-0.150893	-0.986468	0.252074	0.173812	-0.112292	0.832096	-0.177682	0.525401	-0.468638	0.281412	0.837368	-0.296639	-0.942993	0.150893	0.241769	0.190134	-0.166986	0.007474	-0.984060	-0.177682	-0.957827	-0.058086	0.281412	-0.287247	0.168085	-0.942993	
0.240000	0.000000	0.000000	0.000000	0.825898	-0.563819	0.000000	0.563819	0.825898	0.000000	0.000000	0.000000	1.000000	0.000000	0.000000	0.000000	0.775493	-0.284110	0.563819	0.529409	-0.193955	-0.825898	0.344001	0.938969	0.000000	0.142691	0.097411	0.063296	0.813686	0.141500	-0.563819	0.555483	0.096598	0.825898	0.171328	-0.985214	-0.000000	0.254234	0.173559	-0.112159	0.836043	-0.530104	0.141500	-0.544597	-0.833116	0.096598	0.066679	-0.157821	-0.985214	0.254234	0.173559	-0.112159	0.831653	-0.165360	0.530104	-0.474544	0.284122	0.833116	-0.288378	-0.944421	0.157821	0.244643	0.190038	-0.166935	0.003277	-0.986228	-0.165360	-0.957440	-0.050820	0.284122	-0.288613	0.157391	-0.944421	
0.250000	0.000000	0.000000	0.000000	0.828508	-0.559977	0.000000	0.559977	0.828508	0.000000	0.000000	0.000000	1.000000	0.000000	0.000000	0.000000	0.779443	-0.280881	0.559977	0.526815	-0.189844	-0.828508	0.339021	0.940779	0.000000	0.143417	0.096934	0.062380	0.815145	0.148202	-0.559977	0.550946	0.100168	0.828508	0.178878	-0.983871	-0.000000	0.256425	0.173314	-0.112035	0.831915	-0.534746	0.148202	-0.550564	-0.828762	0.100168	0.069260	-0.164926	-0.983871	0.256425	0.173314	-0.112035	0.831097	-0.152726	0.534746	-0.480549	0.286751	0.828762	-0.279912	-0.945753	0.164926	0.247567	0.189946	-0.166888	-0.000930	-0.988268	-0.152726	-0.957021	-0.043414	0.286751	-0.290017	0.146428	-0.945753	
0.260000	0.000000	0.000000	0.000000	0.831076	-0.556159	0.000000	0.556159	0.831076	0.000000	0.000000	0.000000	1.000000	0.000000	0.000000	0.000000	0.783404	-0.277426	0.556159	0.524257	-0.185654	-0.831076	0.333815	0.942639	0.000000	0.144146	0.096463	0.061422	0.816484	0.155050	-0.556159	0.546394	0.103760	0.831076	0.186566	-0.982442	-0.000000	0.258634	0.173079	-0.111920	0.827719	-0.539296	0.155050	-0.556523	-0.824328	0.103760	0.071855	-0.172173	-0.982442	0.258634	0.173079	-0.111920	0.830424	-0.139843	0.539296	-0.486623	0.289279	0.824328	-0.271283	-0.946975	0.172173	0.250523	0.189857	-0.166845	-0.005122	-0.990160	-0.139843	-0.956571	-0.035907	0.289279	-0.291454	0.135251	-0.946975	
0.270000	0.000000	0.000000	0.000000	0.833589	-0.552385	0.000000	0.552385	0.833589	0.000000	0.000000	0.000000	1.000000	0.000000	0.000000	0.000000	0.787356	-0.273754	0.552385	0.521748	-0.181406	-0.833589	0.328404	0.944537	0.000000	0.144873	0.096002	0.060426	0.817694	0.162010	-0.552385	0.541852	0.107357	0.833589	0.194352	-0.980932	-0.000000	0.260850	0.172854	-0.111818	0.823478	-0.543724	0.162010	-0.562442	-0.819838	0.107357	0.074449	-0.179527	-0.980932	0.260850	0.172854	-0.111818	0.829633	-0.126777	0.543724	-0.492731	0.291688	0.819838	-0.262535	-0.948075	0.179527	0.253497	0.189772	-0.166806	-0.009275	-0.991888	-0.126777	-0.956093	-0.028341	0.291688	-0.292915	0.123916	-0.948075	
0.280000	0.000000	0.000000	0.000000	0.836034	-0.548677	0.000000	0.548677	0.836034	0.000000	0.000000	0.000000	1.000000	0.000000	0.000000	0.000000	0.791276	-0.269882	0.548677	0.519303	-0.177119	-0.836034	0.322812	0.946463	0.000000	0.145595	0.095552	0.059397	0.818766	0.169043	-0.548677	0.537344	0.110941	0.836034	0.202197	-0.979345	-0.000000	0.263060	0.172643	-0.111728	0.819216	-0.548005	0.169043	-0.568288	-0.815316	0.110941	0.077028	-0.186950	-0.979345	0.263060	0.172643	-0.111728	0.828726	-0.113599	0.548005	-0.498842	0.293967	0.815316	-0.253714	-0.949041	0.186950	0.256471	0.189693	-0.166772	-0.013368	-0.993437	-0.113599	-0.955590	-0.020756	0.293967	-0.294395	0.112484	-0.949041	
0.290000	0.000000	0.000000	0.000000	0.838401	-0.545054	0.000000	0.545054	0.838401	0.000000	0.000000	0.000000	1.000000	0.000000	0.000000	0.000000	0.795143	-0.265827	0.545054	0.516932	-0.172817	-0.838401	0.317064	0.948404	0.000000	0.146306	0.095115	0.058340	0.819695	0.176113	-0.545054	0.532893	0.114493	0.838401	0.210059	-0.977689	-0.000000	0.265253	0.172444	-0.111651	0.814956	-0.552115	0.176113	-0.574033	-0.810788	0.114493	0.079577	-0.194402	-0.977689	0.265253	0.172444	-0.111651	0.827704	-0.100379	0.552115	-0.504922	0.296103	0.810788	-0.244868	-0.949867	0.194402	0.259431	0.189618	-0.166743	-0.017378	-0.994798	-0.100379	-0.955065	-0.013194	0.296103	-0.295887	0.101014	-0.949867	
0.300000	0.000000	0.000000	0.000000	0.840679	-0.541533	0.000000	0.541533	0.840679	0.000000	0.000000	0.000000	1.000000	0.000000	0.000000	0.000000	0.798937	-0.261613	0.541533	0.514645	-0.168521	-0.840679	0.311192	0.950347	0.000000	0.147004	0.094695	0.057259	0.820479	0.183180	-0.541533	0.528522	0.117998	0.840679	0.217895	-0.975972	-0.000000	0.267417	0.172260	-0.111588	0.810723	-0.556034	0.183180	-0.579648	-0.806279	0.117998	0.082084	-0.201843	-0.975972	0.267417	0.172260	-0.111588	0.826574	-0.087189	0.556034	-0.510939	0.298088	0.806279	-0.236046	-0.950548	0.201843	0.262360	0.189549	-0.166720	-0.021287	-0.995964	-0.087189	-0.954521	-0.005694	0.298088	-0.297381	0.089569	-0.950548	
0.310000	0.000000	0.000000	0.000000	0.842861	-0.538131	0.000000	0.538131	0.842861	0.000000	0.000000	0.000000	1.000000	0.000000	0.000000	0.000000	0.802639	-0.257266	0.538131	0.512450	-0.164253	-0.842861	0.305230	0.952279	0.000000	0.147686	0.094291	0.056162	0.821120	0.190204	-0.538131	0.524250	0.121437	0.842861	0.225665	-0.974205	-0.000000	0.269541	0.172090	-0.111538	0.806539	-0.559747	0.190204	-0.585106	-0.801813	0.121437	0.084534	-0.209234	-0.974205	0.269541	0.172090	-0.111538	0.825344	-0.074103	0.559747	-0.516861	0.299917	0.801813	-0.227295	-0.951083	0.209234	0.265243	0.189485	-0.166701	-0.025076	-0.996935	-0.074103	-0.953964	0.001702	0.299917	-0.298872	0.078213	-0.951083	
0.320000	0.000000	0.000000	0.000000	0.844941	-0.534860	0.000000	0.534860	0.844941	0.000000	0.000000	0.000000	1.000000	0.000000	0.000000	0.000000	0.806231	-0.252817	0.534860	0.510356	-0.160037	-0.844941	0.299213	0.954186	0.000000	0.148346	0.093906	0.055055	0.821619	0.197146	-0.534860	0.520097	0.124796	0.844941	0.233325	-0.972399	-0.000000	0.271614	0.171936	-0.111503	0.802430	-0.563241	0.197146	-0.590383	-0.797417	0.124796	0.086917	-0.216532	-0.972399	0.271614	0.171936	-0.111503	0.824024	-0.061195	0.563241	-0.522657	0.301588	0.797417	-0.218665	-0.951472	0.216532	0.268065	0.189428	-0.166688	-0.028729	-0.997712	-0.061195	-0.953396	0.008954	0.301588	-0.300350	0.067007	-0.951472	
0.330000	0.000000	0.000000	0.000000	0.846912	-0.531734	0.000000	0.531734	0.846912	0.000000	0.000000	0.000000	1.000000	0.000000	0.000000	0.000000	0.809696	-0.248299	0.531734	0.508368	-0.155894	-0.846912	0.293181	0.956057	0.000000	0.148984	0.093540	0.053945	0.821984	0.203965	-0.531734	0.516083	0.128059	0.846912	0.240833	-0.970566	-0.000000	0.273625	0.171796	-0.111480	0.798417	-0.566505	0.203965	-0.595457	-0.793115	0.128059	0.089221	-0.223697	-0.970566	0.273625	0.171796	-0.111480	0.822627	-0.048537	0.566505	-0.528298	0.303101	0.793115	-0.210204	-0.951722	0.223697	0.270810	0.189376	-0.166680	-0.032230	-0.998301	-0.048537	-0.952824	0.016025	0.303101	-0.301808	0.056016	-0.951722	
0.340000	0.000000	0.000000	0.000000	0.848770	-0.528762	0.000000	0.528762	0.848770	0.000000	0.000000	0.000000	1.000000	0.000000	0.000000	0.000000	0.813017	-0.243748	0.528762	0.506490	-0.151849	-0.848770	0.287178	0.957877	0.000000	0.149595	0.093194	0.052841	0.822222	0.210621	-0.528762	0.512224	0.131212	0.848770	0.248149	-0.968722	-0.000000	0.275566	0.171671	-0.111470	0.794524	-0.569535	0.210621	-0.600309	-0.788931	0.131212	0.091436	-0.230689	-0.968722	0.275566	0.171671	-0.111470	0.821169	-0.036201	0.569535	-0.533754	0.304457	0.788931	-0.201959	-0.951838	0.230689	0.273466	0.189329	-0.166676	-0.035568	-0.998711	-0.036201	-0.952251	0.022877	0.304457	-0.303237	0.045301	-0.951838	
0.350000	0.000000	0.000000	0.000000	0.850512	-0.525955	0.000000	0.525955	0.850512	0.000000	0.000000	0.000000	1.000000	0.000000	0.000000	0.000000	0.816183	-0.239202	0.525955	0.504725	-0.147922	-0.850512	0.281244	0.959636	0.000000	0.150178	0.092869	0.051749	0.822344	0.217077	-0.525955	0.508535	0.134240	0.850512	0.255231	-0.966880	-0.000000	0.277426	0.171560	-0.111471	0.790771	-0.572328	0.217077	-0.604921	-0.784888	0.134240	0.093552	-0.237467	-0.966880	0.277426	0.171560	-0.111471	0.819666	-0.024256	0.572328	-0.538999	0.305663	0.784888	-0.193978	-0.951831	0.237467	0.276019	0.189288	-0.166677	-0.038730	-0.998955	-0.024256	-0.951683	0.029475	0.305663	-0.304628	0.034923	-0.951831	
0.360000	0.000000	0.000000	0.000000	0.852137	-0.523318	0.000000	0.523318	0.852137	0.000000	0.000000	0.000000	1.000000	0.000000	0.000000	0.000000	0.819178	-0.234702	0.523318	0.503077	-0.144136	-0.852137	0.275427	0.961322	0.000000	0.150729	0.092566	0.050679	0.822361	0.223294	-0.523318	0.505032	0.137131	0.852137	0.262040	-0.965057	-0.000000	0.279198	0.171462	-0.111482	0.787177	-0.574884	0.223294	-0.609278	-0.781009	0.137131	0.095561	-0.243994	-0.965057	0.279198	0.171462	-0.111482	0.818135	-0.012770	0.574884	-0.544009	0.306724	0.781009	-0.186304	-0.951713	0.243994	0.278457	0.189252	-0.166682	-0.041708	-0.999048	-0.012770	-0.951126	0.035786	0.306724	-0.305975	0.024939	-0.951713	
0.370000	0.000000	0.000000	0.000000	0.853643	-0.520858	0.000000	0.520858	0.853643	0.000000	0.000000	0.000000	1.000000	0.000000	0.000000	0.000000	0.821994	-0.230287	0.520858	0.501547	-0.140512	-0.853643	0.269770	0.962925	0.000000	0.151247	0.092285	0.049638	0.822287	0.229238	-0.520858	0.501726	0.139872	0.853643	0.268541	-0.963268	-0.000000	0.280873	0.171377	-0.111503	0.783762	-0.577206	0.229238	-0.613367	-0.777314	0.139872	0.097455	-0.250233	-0.963268	0.280873	0.171377	-0.111503	0.816597	-0.001805	0.577206	-0.548759	0.307648	0.777314	-0.178979	-0.951499	0.250233	0.280769	0.189221	-0.166690	-0.044493	-0.999008	-0.001805	-0.950583	0.041780	0.307648	-0.307267	0.015404	-0.951499	
0.380000	0.000000	0.000000	0.000000	0.855030	-0.518579	0.000000	0.518579	0.855030	0.000000	0.000000	0.000000	1.000000	0.000000	0.000000	0.000000	0.824621	-0.226000	0.518579	0.500136	-0.137070	-0.855030	0.264319	0.964435	0.000000	0.151730	0.092025	0.048635	0.822137	0.234875	-0.518579	0.498629	0.142453	0.855030	0.274699	-0.961530	-0.000000	0.282446	0.171305	-0.111531	0.780542	-0.579299	0.234875	-0.617177	-0.773821	0.142453	0.099229	-0.256150	-0.961530	0.282446	0.171305	-0.111531	0.815070	0.008579	0.579299	-0.553229	0.308445	0.773821	-0.172044	-0.951204	0.256150	0.282944	0.189194	-0.166701	-0.047079	-0.998854	0.008579	-0.950059	0.047429	0.308445	-0.308498	0.006371	-0.951204	
0.390000	0.000000	0.000000	0.000000	0.856298	-0.516482	0.000000	0.516482	0.856298	0.000000	0.000000	0.000000	1.000000	0.000000	0.000000	0.000000	0.827052	-0.221881	0.516482	0.498842	-0.133829	-0.856298	0.259116	0.965846	0.000000	0.152178	0.091787	0.047677	0.821926	0.240175	-0.516482	0.495750	0.144864	0.856298	0.280481	-0.959860	-0.000000	0.283910	0.171243	-0.111566	0.777531	-0.581172	0.240175	-0.620701	-0.770549	0.144864	0.100876	-0.261713	-0.959860	0.283910	0.171243	-0.111566	0.813574	0.018329	0.581172	-0.557401	0.309125	0.770549	-0.165532	-0.950845	0.261713	0.284973	0.189172	-0.166715	-0.049463	-0.998608	0.018329	-0.949560	0.052708	0.309125	-0.309661	-0.002114	-0.950845	
0.400000	0.000000	0.000000	0.000000	0.857449	-0.514570	0.000000	0.514570	0.857449	0.000000	0.000000	0.000000	1.000000	0.000000	0.000000	0.000000	0.829282	-0.217966	0.514570	0.497666	-0.130805	-0.857449	0.254203	0.967151	0.000000	0.152588	0.091571	0.046773	0.821668	0.245111	-0.514570	0.493097	0.147095	0.857449	0.285861	-0.958271	-0.000000	0.285262	0.171190	-0.111604	0.774742	-0.582834	0.245111	-0.623931	-0.767511	0.147095	0.102393	-0.266894	-0.958271	0.285262	0.171190	-0.111604	0.812130	0.027398	0.582834	-0.561260	0.309700	0.767511	-0.159475	-0.950440	0.266894	0.286851	0.189153	-0.166730	-0.051642	-0.998290	0.027398	-0.949088	0.057597	0.309700	-0.310748	-0.010009	-0.950440	
0.410000	0.000000	0.000000	0.000000	0.858484	-0.512841	0.000000	0.512841	0.858484	0.000000	0.000000	0.000000	1.000000	0.000000	0.000000	0.000000	0.831308	-0.214293	0.512841	0.496607	-0.128014	-0.858484	0.249618	0.968344	0.000000	0.152961	0.091376	0.045930	0.821380	0.249659	-0.512841	0.490676	0.149142	0.858484	0.290814	-0.956779	-0.000000	0.286496	0.171147	-0.111645	0.772185	-0.584295	0.249659	-0.626866	-0.764720	0.149142	0.103777	-0.271668	-0.956779	0.286496	0.171147	-0.111645	0.810754	0.035745	0.584295	-0.564794	0.310179	0.764720	-0.153901	-0.950006	0.271668	0.288569	0.189137	-0.166745	-0.053615	-0.997922	0.035745	-0.948649	0.062078	0.310179	-0.311754	-0.017279	-0.950006	
0.420000	0.000000	0.000000	0.000000	0.859406	-0.511294	0.000000	0.511294	0.859406	0.000000	0.000000	0.000000	1.000000	0.000000	0.000000	0.000000	0.833128	-0.210893	0.511294	0.495661	-0.125469	-0.859406	0.245394	0.969423	0.000000	0.153296	0.091202	0.045153	0.821074	0.253801	-0.511294	0.488489	0.150996	0.859406	0.295322	-0.955398	-0.000000	0.287611	0.171111	-0.111687	0.769868	-0.585567	0.253801	-0.629503	-0.762185	0.150996	0.105025	-0.276016	-0.955398	0.287611	0.171111	-0.111687	0.809465	0.043338	0.585567	-0.567993	0.310575	0.762185	-0.148831	-0.949560	0.276016	0.290125	0.189125	-0.166762	-0.055382	-0.997524	0.043338	-0.948245	0.066139	0.310575	-0.312673	-0.023895	-0.949560	
0.430000	0.000000	0.000000	0.000000	0.860218	-0.509927	0.000000	0.509927	0.860218	0.000000	0.000000	0.000000	1.000000	0.000000	0.000000	0.000000	0.834743	-0.207793	0.509927	0.494826	-0.123177	-0.860218	0.241559	0.970386	0.000000	0.153593	0.091048	0.044447	0.820766	0.257523	-0.509927	0.486540	0.152656	0.860218	0.299369	-0.954137	-0.000000	0.288606	0.171082	-0.111729	0.767795	-0.586663	0.257523	-0.631844	-0.759914	0.152656	0.106137	-0.279923	-0.954137	0.288606	0.171082	-0.111729	0.808276	0.050155	0.586663	-0.570853	0.310898	0.759914	-0.144279	-0.949119	0.279923	0.291515	0.189114	-0.166778	-0.056946	-0.997117	0.050155	-0.947879	0.069772	0.310898	-0.313501	-0.029836	-0.949119	
0.440000	0.000000	0.000000	0.000000	0.860924	-0.508734	0.000000	0.508734	0.860924	0.000000	0.000000	0.000000	1.000000	0.000000	0.000000	0.000000	0.836157	-0.205015	0.508734	0.494099	-0.121147	-0.860924	0.238134	0.971232	0.000000	0.153853	0.090914	0.043817	0.820466	0.260815	-0.508734	0.484827	0.154120	0.860924	0.302948	-0.953007	-0.000000	0.289481	0.171059	-0.111769	0.765968	-0.587596	0.260815	-0.633893	-0.757909	0.154120	0.107114	-0.283380	-0.953007	0.289481	0.171059	-0.111769	0.807202	0.056180	0.587596	-0.573370	0.311159	0.757909	-0.140256	-0.948696	0.283380	0.292739	0.189106	-0.166793	-0.058312	-0.996716	0.056180	-0.947552	0.072974	0.311159	-0.314237	-0.035089	-0.948696	
0.450000	0.000000	0.000000	0.000000	0.861528	-0.507711	0.000000	0.507711	0.861528	0.000000	0.000000	0.000000	1.000000	0.000000	0.000000	0.000000	0.837373	-0.202575	0.507711	0.493476	-0.119380	-0.861528	0.235134	0.971963	0.000000	0.154077	0.090800	0.043265	0.820186	0.263676	-0.507711	0.483348	0.155388	0.861528	0.306057	-0.952013	-0.000000	0.290236	0.171041	-0.111806	0.764386	-0.588379	0.263676	-0.635657	-0.756171	0.155388	0.107957	-0.286384	-0.952013	0.290236	0.171041	-0.111806	0.806250	0.061412	0.588379	-0.575549	0.311366	0.756171	-0.136763	-0.948304	0.286384	0.293798	0.189100	-0.166808	-0.059485	-0.996338	0.061412	-0.947266	0.075747	0.311366	-0.314877	-0.039652	-0.948304	
0.460000	0.000000	0.000000	0.000000	0.862034	-0.506850	0.000000	0.506850	0.862034	0.000000	0.000000	0.000000	1.000000	0.000000	0.000000	0.000000	0.838398	-0.200479	0.506850	0.492953	-0.117875	-0.862034	0.232565	0.972581	0.000000	0.154265	0.090703	0.042792	0.819932	0.266110	-0.506850	0.482095	0.156465	0.862034	0.308700	-0.951159	-0.000000	0.290876	0.171026	-0.111839	0.763044	-0.589024	0.266110	-0.637145	-0.754695	0.156465	0.108671	-0.288940	-0.951159	0.290876	0.171026	-0.111839	0.805428	0.065859	0.589024	-0.577395	0.311528	0.754695	-0.133794	-0.947952	0.288940	0.294696	0.189095	-0.166820	-0.060472	-0.995995	0.065859	-0.947022	0.078098	0.311528	-0.315424	-0.043531	-0.947952	
0.470000	0.000000	0.000000	0.000000	0.862450	-0.506143	0.000000	0.506143	0.862450	0.000000	0.000000	0.000000	1.000000	0.000000	0.000000	0.000000	0.839241	-0.198728	0.506143	0.492523	-0.116627	-0.862450	0.230423	0.973091	0.000000	0.154420	0.090624	0.042398	0.819712	0.268127	-0.506143	0.481062	0.157355	0.862450	0.310890	-0.950446	-0.000000	0.291404	0.171015	-0.111868	0.761936	-0.589544	0.268127	-0.638370	-0.753474	0.157355	0.109259	-0.291058	-0.950446	0.291404	0.171015	-0.111868	0.804737	0.069543	0.589544	-0.578921	0.311653	0.753474	-0.131334	-0.947648	0.291058	0.295437	0.189091	-0.166831	-0.061283	-0.995695	0.069543	-0.946819	0.080041	0.311653	-0.315877	-0.046745	-0.947648	
0.480000	0.000000	0.000000	0.000000	0.862780	-0.505580	0.000000	0.505580	0.862780	0.000000	0.000000	0.000000	1.000000	0.000000	0.000000	0.000000	0.839914	-0.197315	0.505580	0.492181	-0.115625	-0.862780	0.228697	0.973498	0.000000	0.154544	0.090561	0.042080	0.819528	0.269745	-0.505580	0.480235	0.158068	0.862780	0.312646	-0.949870	-0.000000	0.291826	0.171007	-0.111892	0.761049	-0.589952	0.269745	-0.639347	-0.752496	0.158068	0.109729	-0.292757	-0.949870	0.291826	0.171007	-0.111892	0.804177	0.072496	0.589952	-0.580141	0.311746	0.752496	-0.129362	-0.947396	0.292757	0.296030	0.189088	-0.166841	-0.061928	-0.995444	0.072496	-0.946655	0.081597	0.311746	-0.316242	-0.049323	-0.947396	
0.490000	0.000000	0.000000	0.000000	0.863032	-0.505150	0.000000	0.505150	0.863032	0.000000	0.000000	0.000000	1.000000	0.000000	0.000000	0.000000	0.840429	-0.196223	0.505150	0.491920	-0.114853	-0.863032	0.227364	0.973810	0.000000	0.154639	0.090513	0.041835	0.819383	0.270989	-0.505150	0.479601	0.158615	0.863032	0.313997	-0.949424	-0.000000	0.292149	0.171001	-0.111910	0.760367	-0.590260	0.270989	-0.640095	-0.751744	0.158615	0.110090	-0.294065	-0.949424	0.292149	0.171001	-0.111910	0.803743	0.074767	0.590260	-0.581079	0.311815	0.751744	-0.127846	-0.947197	0.294065	0.296486	0.189086	-0.166848	-0.062422	-0.995245	0.074767	-0.946529	0.082792	0.311815	-0.316522	-0.051305	-0.947197	
0.500000	0.000000	0.000000	0.000000	0.863214	-0.504838	0.000000	0.504838	0.863214	0.000000	0.000000	0.000000	1.000000	0.000000	0.000000	0.000000	0.840802	-0.195425	0.504838	0.491730	-0.114292	-0.863214	0.226393	0.974036	0.000000	0.154708	0.090478	0.041656	0.819275	0.271894	-0.504838	0.479141	0.159013	0.863214	0.314979	-0.949099	-0.000000	0.292384	0.170997	-0.111924	0.759872	-0.590481	0.271894	-0.640638	-0.751198	0.159013	0.110352	-0.295015	-0.949099	0.292384	0.170997	-0.111924	0.803426	0.076418	0.590481	-0.581759	0.311863	0.751198	-0.126743	-0.947049	0.295015	0.296816	0.189085	-0.166853	-0.062780	-0.995097	0.076418	-0.946437	0.083659	0.311863	-0.316727	-0.052747	-0.947049	
0.510000	0.000000	0.000000	0.000000	0.863336	-0.504630	0.000000	0.504630	0.863336	0.000000	0.000000	0.000000	1.000000	0.000000	0.000000	0.000000	0.841051	-0.194889	0.504630	0.491604	-0.113915	-0.863336	0.225740	0.974188	0.000000	0.154753	0.090455	0.041536	0.819202	0.272501	-0.504630	0.478833	0.159280	0.863336	0.315638	-0.948880	-0.000000	0.292542	0.170994	-0.111934	0.759541	-0.590628	0.272501	-0.641000	-0.750832	0.159280	0.110527	-0.295653	-0.948880	0.292542	0.170994	-0.111934	0.803212	0.077526	0.590628	-0.582215	0.311894	0.750832	-0.126004	-0.946949	0.295653	0.297038	0.189084	-0.166857	-0.063019	-0.994997	0.077526	-0.946375	0.084241	0.311894	-0.316864	-0.053713	-0.946949	
0.520000	0.000000	0.000000	0.000000	0.863408	-0.504506	0.000000	0.504506	0.863408	0.000000	0.000000	0.000000	1.000000	0.000000	0.000000	0.000000	0.841199	-0.194571	0.504506	0.491529	-0.113692	-0.863408	0.225353	0.974277	0.000000	0.154781	0.090441	0.041465	0.819158	0.272860	-0.504506	0.478651	0.159438	0.863408	0.316027	-0.948750	-0.000000	0.292635	0.170992	-0.111939	0.759345	-0.590714	0.272860	-0.641215	-0.750615	0.159438	0.110631	-0.296030	-0.948750	0.292635	0.170992	-0.111939	0.803085	0.078181	0.590714	-0.582484	0.311912	0.750615	-0.125567	-0.946889	0.296030	0.297169	0.189083	-0.166859	-0.063160	-0.994936	0.078181	-0.946339	0.084585	0.311912	-0.316945	-0.054285	-0.946889	
0.530000	0.000000	0.000000	0.000000	0.863442	-0.504448	0.000000	0.504448	0.863442	0.000000	0.000000	0.000000	1.000000	0.000000	0.000000	0.000000	0.841268	-0.194421	0.504448	0.491494	-0.113586	-0.863442	0.225170	0.974320	0.000000	0.154793	0.090435	0.041431	0.819138	0.273031	-0.504448	0.478564	0.159513	0.863442	0.316212	-0.948689	-0.000000	0.292679	0.170991	-0.111942	0.759252	-0.590755	0.273031	-0.641316	-0.750513	0.159513	0.110680	-0.296209	-0.948689	0.292679	0.170991	-0.111942	0.803024	0.078491	0.590755	-0.582612	0.311920	0.750513	-0.125360	-0.946861	0.296209	0.297231	0.189083	-0.166860	-0.063227	-0.994908	0.078491	-0.946321	0.084747	0.311920	-0.316984	-0.054556	-0.946861	
0.540000	0.000000	0.000000	0.000000	0.863452	-0.504431	0.000000	0.504431	0.863452	0.000000	0.000000	0.000000	1.000000	0.000000	0.000000	0.000000	0.841289	-0.194376	0.504431	0.491483	-0.113555	-0.863452	0.225115	0.974332	0.000000	0.154797	0.090433	0.041421	0.819131	0.273081	-0.504431	0.478538	0.159535	0.863452	0.316267	-0.948670	-0.000000	0.292692	0.170991	-0.111943	0.759224	-0.590767	0.273081	-0.641347	-0.750482	0.159535	0.110695	-0.296263	-0.948670	0.292692	0.170991	-0.111943	0.803006	0.078584	0.590767	-0.582650	0.311923	0.750482	-0.125298	-0.946852	0.296263	0.297250	0.189083	-0.166860	-0.063247	-0.994899	0.078584	-0.946316	0.084796	0.311923	-0.316995	-0.054637	-0.946852	
0.550000	0.000000	0.000000	0.000000	0.863444	-0.504444	0.000000	0.504444	0.863444	0.000000	0.000000	0.000000	1.000000	0.000000	0.000000	0.000000	0.841284	-0.194365	0.504444	0.491497	-0.113552	-0.863444	0.225104	0.974335	0.000000	0.154796	0.090436	0.041419	0.819121	0.273088	-0.504444	0.478549	0.159544	0.863444	0.316278	-0.948667	-0.000000	0.292691	0.170997	-0.111943	0.759231	-0.590755	0.273088	-0.641338	-0.750487	0.159544	0.110697	-0.296273	-0.948667	0.292691	0.170997	-0.111943	0.803014	0.078592	0.590755	-0.582641	0.311927	0.750487	-0.125290	-0.946850	0.296273	0.297249	0.189089	-0.166860	-0.063233	-0.994899	0.078592	-0.946315	0.084786	0.311927	-0.317000	-0.054649	-0.946850	
0.560000	0.000000	0.000000	0.000000	0.863392	-0.504534	0.000000	0.504534	0.863392	0.000000	0.000000	0.000000	1.000000	0.000000	0.000000	0.000000	0.841247	-0.194290	0.504534	0.491593	-0.113536	-0.863392	0.225031	0.974352	0.000000	0.154790	0.090453	0.041406	0.819051	0.273133	-0.504534	0.478622	0.159608	0.863392	0.316349	-0.948643	-0.000000	0.292686	0.171034	-0.111944	0.759276	-0.590676	0.273133	-0.641281	-0.750522	0.159608	0.110715	-0.296342	-0.948643	0.292686	0.171034	-0.111944	0.803067	0.078648	0.590676	-0.582579	0.311958	0.750522	-0.125240	-0.946835	0.296342	0.297247	0.189128	-0.166861	-0.063138	-0.994901	0.078648	-0.946311	0.084715	0.311958	-0.317030	-0.054729	-0.946835	
0.570000	0.000000	0.000000	0.000000	0.863255	-0.504768	0.000000	0.504768	0.863255	0.000000	0.000000	0.000000	1.000000	0.000000	0.000000	0.000000	0.841152	-0.194096	0.504768	0.491844	-0.113493	-0.863255	0.224842	0.974395	0.000000	0.154772	0.090499	0.041371	0.818867	0.273250	-0.504768	0.478813	0.159776	0.863255	0.316534	-0.948581	-0.000000	0.292672	0.171133	-0.111948	0.759396	-0.590468	0.273250	-0.641132	-0.750614	0.159776	0.110762	-0.296523	-0.948581	0.292672	0.171133	-0.111948	0.803205	0.078793	0.590468	-0.582417	0.312040	0.750614	-0.125107	-0.946796	0.296523	0.297242	0.189232	-0.166862	-0.062888	-0.994905	0.078793	-0.946301	0.084528	0.312040	-0.317111	-0.054938	-0.946796	
