# time	B0_r_i(1)	B0_r_i(2)	B0_r_i(3)	0_A_i(1,1)	0_A_i(1,2)	0_A_i(1,3)	0_A_i(2,1)	...
0.000000	0.000000	0.000000	0.000000	0.789785	-0.613384	0.000000	0.613384	0.789785	0.000000	0.000000	0.000000	1.000000	0.000000	0.000000	0.000000	0.726983	-0.308637	0.613384	0.564609	-0.239702	-0.789785	0.390786	0.920482	0.000000	0.133765	0.103888	0.071905	0.786776	0.068872	-0.613384	0.611047	0.053489	0.789785	0.087203	-0.996191	-0.000000	0.228302	0.177310	-0.114367	0.882166	-0.465876	0.068872	-0.469578	-0.881269	0.053489	0.035775	-0.079527	-0.996191	0.228302	0.177310	-0.114367	0.830853	-0.304372	0.465876	-0.404760	0.243996	0.881269	-0.381906	-0.920773	0.079527	0.210648	0.191461	-0.167772	0.056891	-0.950853	-0.304372	-0.960255	-0.135558	0.243996	-0.273264	0.278394	-0.920773	
0.010000	0.000000	0.000000	0.000000	0.790720	-0.612177	0.000000	0.612177	0.790720	0.000000	0.000000	0.000000	1.000000	0.000000	0.000000	0.000000	0.728320	-0.307878	0.612177	0.563867	-0.238359	-0.790720	0.389363	0.921084	0.000000	0.134011	0.103752	0.071643	0.787706	0.068980	-0.612177	0.609844	0.053405	0.790720	0.087237	-0.996188	-0.000000	0.228665	0.177033	-0.114624	0.880762	-0.468508	0.068980	-0.472213	-0.879865	0.053405	0.035673	-0.079610	-0.996188	0.228665	0.177033	-0.114624	0.830092	-0.302404	0.468508	-0.407571	0.244384	0.879865	-0.380571	-0.921319	0.079610	0.211125	0.191207	-0.168061	0.054265	-0.951634	-0.302404	-0.960592	-0.132434	0.244384	-0.272613	0.277226	-0.921319	
0.020000	0.000000	0.000000	0.000000	0.793516	-0.608550	0.000000	0.608550	0.793516	0.000000	0.000000	0.000000	1.000000	0.000000	0.000000	0.000000	0.732319	-0.305575	0.608550	0.561618	-0.234347	-0.793516	0.385091	0.922879	0.000000	0.134747	0.103338	0.070857	0.790483	0.069305	-0.608550	0.606224	0.053150	0.793516	0.087339	-0.996179	-0.000000	0.229750	0.176196	-0.115398	0.877081	-0.475317	0.069305	-0.479033	-0.876186	0.053150	0.035461	-0.079817	-0.996179	0.229750	0.176196	-0.115398	0.828264	-0.296736	0.475317	-0.415025	0.245054	0.876186	-0.376475	-0.922982	0.079817	0.212540	0.190409	-0.168931	0.047547	-0.953775	-0.296736	-0.961524	-0.124174	0.245054	-0.270574	0.273668	-0.922982	
0.030000	0.000000	0.000000	0.000000	0.797383	-0.603474	0.000000	0.603474	0.797383	0.000000	0.000000	0.000000	1.000000	0.000000	0.000000	0.000000	0.738190	-0.301488	0.603474	0.558675	-0.228172	-0.797383	0.378097	0.925766	0.000000	0.135827	0.102796	0.069570	0.794313	0.069904	-0.603474	0.601150	0.052905	0.797383	0.087667	-0.996150	-0.000000	0.231342	0.175084	-0.116646	0.872341	-0.483875	0.069904	-0.487621	-0.871451	0.052905	0.035319	-0.080237	-0.996150	0.231342	0.175084	-0.116646	0.826442	-0.287853	0.483875	-0.424868	0.245071	0.871451	-0.369434	-0.925787	0.080237	0.214647	0.189298	-0.170341	0.039362	-0.956865	-0.287853	-0.962858	-0.113333	0.245071	-0.267123	0.267515	-0.925787	
0.040000	0.000000	0.000000	0.000000	0.801382	-0.598152	0.000000	0.598152	0.801382	0.000000	0.000000	0.000000	1.000000	0.000000	0.000000	0.000000	0.744575	-0.296346	0.598152	0.555752	-0.221193	-0.801382	0.369794	0.929114	0.000000	0.137002	0.102258	0.068042	0.798148	0.071931	-0.598152	0.595738	0.053689	0.801382	0.089758	-0.995964	-0.000000	0.233309	0.174142	-0.117922	0.867330	-0.492508	0.071931	-0.496438	-0.866410	0.053689	0.035879	-0.082275	-0.995964	0.233309	0.174142	-0.117922	0.825337	-0.276142	0.492508	-0.434972	0.245220	0.866410	-0.360025	-0.929308	0.082275	0.217293	0.188365	-0.171822	0.031501	-0.960601	-0.276142	-0.964075	-0.102107	0.245220	-0.263754	0.258497	-0.929308	
0.050000	0.000000	0.000000	0.000000	0.805346	-0.592805	0.000000	0.592805	0.805346	0.000000	0.000000	0.000000	1.000000	0.000000	0.000000	0.000000	0.750895	-0.291101	0.592805	0.552724	-0.214276	-0.805346	0.361461	0.932387	0.000000	0.138165	0.101701	0.066509	0.801704	0.076502	-0.592805	0.590124	0.056312	0.805346	0.094993	-0.995478	-0.000000	0.235735	0.173521	-0.118821	0.862136	-0.500868	0.076502	-0.505274	-0.861120	0.056312	0.037673	-0.087204	-0.995478	0.235735	0.173521	-0.118821	0.824955	-0.261881	0.500868	-0.444477	0.246806	0.861120	-0.349128	-0.933009	0.087204	0.220545	0.187836	-0.172935	0.024259	-0.964795	-0.261881	-0.964759	-0.091251	0.246806	-0.262014	0.246665	-0.933009	
0.060000	0.000000	0.000000	0.000000	0.809274	-0.587431	0.000000	0.587431	0.809274	0.000000	0.000000	0.000000	1.000000	0.000000	0.000000	0.000000	0.757146	-0.285754	0.587431	0.549592	-0.207421	-0.809274	0.353099	0.935586	0.000000	0.139315	0.101125	0.064970	0.804939	0.083652	-0.587431	0.584284	0.060721	0.809274	0.103367	-0.994643	-0.000000	0.238619	0.173208	-0.119333	0.856744	-0.508912	0.083652	-0.514135	-0.855557	0.060721	0.040668	-0.095031	-0.994643	0.238619	0.173208	-0.119333	0.825160	-0.245192	0.508912	-0.453404	0.249893	0.855557	-0.336949	-0.936715	0.095031	0.224398	0.187701	-0.173663	0.017602	-0.969315	-0.245192	-0.964902	-0.080733	0.249893	-0.262020	0.232187	-0.936715	
0.070000	0.000000	0.000000	0.000000	0.813166	-0.582031	0.000000	0.582031	0.813166	0.000000	0.000000	0.000000	1.000000	0.000000	0.000000	0.000000	0.763327	-0.280305	0.582031	0.546358	-0.200631	-0.813166	0.344708	0.938710	0.000000	0.140452	0.100530	0.063426	0.807784	0.093409	-0.582031	0.578178	0.066859	0.813166	0.114871	-0.993380	-0.000000	0.241962	0.173187	-0.119445	0.851131	-0.516576	0.093409	-0.523035	-0.849685	0.066859	0.044831	-0.105762	-0.993380	0.241962	0.173187	-0.119445	0.825873	-0.226018	0.516576	-0.461834	0.254451	0.849685	-0.323487	-0.940303	0.105762	0.228853	0.187945	-0.173982	0.011537	-0.974055	-0.226018	-0.964515	-0.070467	0.254451	-0.263776	0.215062	-0.940303	
0.080000	0.000000	0.000000	0.000000	0.817023	-0.576606	0.000000	0.576606	0.817023	0.000000	0.000000	0.000000	1.000000	0.000000	0.000000	0.000000	0.769438	-0.274757	0.576606	0.543023	-0.193907	-0.817023	0.336290	0.941758	0.000000	0.141577	0.099916	0.061877	0.810210	0.105286	-0.576606	0.571798	0.074305	0.817023	0.128866	-0.991662	-0.000000	0.245664	0.173375	-0.119215	0.845290	-0.523832	0.105286	-0.531974	-0.843494	0.074305	0.049885	-0.118818	-0.991662	0.245664	0.173375	-0.119215	0.826837	-0.204794	0.523832	-0.469961	0.260104	0.843494	-0.308993	-0.943613	0.118818	0.233786	0.188461	-0.173945	0.005953	-0.978787	-0.204794	-0.963697	-0.060283	0.260104	-0.266932	0.195811	-0.943613	
0.090000	0.000000	0.000000	0.000000	0.820843	-0.571154	0.000000	0.571154	0.820843	0.000000	0.000000	0.000000	1.000000	0.000000	0.000000	0.000000	0.775476	-0.269109	0.571154	0.539588	-0.187250	-0.820843	0.327845	0.944731	0.000000	0.142688	0.099284	0.060324	0.812315	0.118014	-0.571154	0.565221	0.082116	0.820843	0.143772	-0.989611	-0.000000	0.249487	0.173597	-0.118832	0.839262	-0.530766	0.118014	-0.540918	-0.837057	0.082116	0.055200	-0.132753	-0.989611	0.249487	0.173597	-0.118832	0.827589	-0.182711	0.530766	-0.478119	0.265966	0.837057	-0.294105	-0.946509	0.132753	0.238889	0.189023	-0.173729	0.000524	-0.983166	-0.182711	-0.962688	-0.049940	0.265966	-0.270613	0.175754	-0.946509	
0.100000	0.000000	0.000000	0.000000	0.824626	-0.565678	0.000000	0.565678	0.824626	0.000000	0.000000	0.000000	1.000000	0.000000	0.000000	0.000000	0.781440	-0.263364	0.565678	0.536053	-0.180663	-0.824626	0.319374	0.947629	0.000000	0.143785	0.098634	0.058765	0.814183	0.130823	-0.565678	0.558514	0.089742	0.824626	0.158646	-0.987336	-0.000000	0.253287	0.173750	-0.118412	0.833082	-0.537456	0.130823	-0.549840	-0.830435	0.089742	0.060408	-0.146695	-0.987336	0.253287	0.173750	-0.118412	0.827876	-0.160506	0.537456	-0.486477	0.271511	0.830435	-0.279215	-0.948957	0.146695	0.243978	0.189498	-0.173452	-0.004950	-0.987022	-0.160506	-0.961631	-0.039329	0.271511	-0.274300	0.155692	-0.948957	
0.110000	0.000000	0.000000	0.000000	0.828373	-0.560176	0.000000	0.560176	0.828373	0.000000	0.000000	0.000000	1.000000	0.000000	0.000000	0.000000	0.787328	-0.257522	0.560176	0.532420	-0.174146	-0.828373	0.310877	0.950450	0.000000	0.144868	0.097965	0.057201	0.815813	0.143709	-0.560176	0.551682	0.097181	0.828373	0.173484	-0.984837	-0.000000	0.257064	0.173836	-0.117958	0.826754	-0.543898	0.143709	-0.558737	-0.823632	0.097181	0.065507	-0.160641	-0.984837	0.257064	0.173836	-0.117958	0.827694	-0.138193	0.543898	-0.495025	0.276733	0.823632	-0.264335	-0.950958	0.160641	0.249049	0.189887	-0.173113	-0.010470	-0.990350	-0.138193	-0.960525	-0.028461	0.276733	-0.277995	0.135635	-0.950958	
0.120000	0.000000	0.000000	0.000000	0.832084	-0.554650	0.000000	0.554650	0.832084	0.000000	0.000000	0.000000	1.000000	0.000000	0.000000	0.000000	0.793138	-0.251585	0.554650	0.528690	-0.167701	-0.832084	0.302355	0.953195	0.000000	0.145937	0.097279	0.055633	0.817202	0.156667	-0.554650	0.544730	0.104431	0.832084	0.188282	-0.982115	-0.000000	0.260816	0.173855	-0.117468	0.820278	-0.550090	0.156667	-0.567604	-0.816652	0.104431	0.070496	-0.174587	-0.982115	0.260816	0.173855	-0.117468	0.827040	-0.115785	0.550090	-0.503754	0.281624	0.816652	-0.249474	-0.952514	0.174587	0.254100	0.190189	-0.172714	-0.016034	-0.993145	-0.115785	-0.959368	-0.017345	0.281624	-0.281701	0.115596	-0.952514	
0.130000	0.000000	0.000000	0.000000	0.835757	-0.549099	0.000000	0.549099	0.835757	0.000000	0.000000	0.000000	1.000000	0.000000	0.000000	0.000000	0.798870	-0.245553	0.549099	0.524864	-0.161330	-0.835757	0.293809	0.955864	0.000000	0.146992	0.096575	0.054061	0.818349	0.169691	-0.549099	0.537662	0.111488	0.835757	0.203038	-0.979171	-0.000000	0.264541	0.173806	-0.116944	0.813657	-0.556028	0.169691	-0.576438	-0.809499	0.111488	0.075374	-0.188529	-0.979171	0.264541	0.173806	-0.116944	0.825911	-0.093295	0.556028	-0.512653	0.286178	0.809499	-0.234645	-0.953624	0.188529	0.259130	0.190404	-0.172254	-0.021640	-0.995403	-0.093295	-0.958158	-0.005992	0.286178	-0.285421	0.095584	-0.953624	
0.140000	0.000000	0.000000	0.000000	0.839394	-0.543524	0.000000	0.543524	0.839394	0.000000	0.000000	0.000000	1.000000	0.000000	0.000000	0.000000	0.804522	-0.239429	0.543524	0.520944	-0.155035	-0.839394	0.285240	0.958456	0.000000	0.148032	0.095854	0.052484	0.819253	0.182777	-0.543524	0.530482	0.118351	0.839394	0.217748	-0.976005	-0.000000	0.268239	0.173690	-0.116385	0.806892	-0.561710	0.182777	-0.585237	-0.802179	0.118351	0.080140	-0.202464	-0.976005	0.268239	0.173690	-0.116385	0.824305	-0.070737	0.561710	-0.521713	0.290388	0.802179	-0.219857	-0.954291	0.202464	0.264137	0.190533	-0.171734	-0.027288	-0.997122	-0.070737	-0.956893	0.005587	0.290388	-0.289157	0.075612	-0.954291	
0.150000	0.000000	0.000000	0.000000	0.842993	-0.537924	0.000000	0.537924	0.842993	0.000000	0.000000	0.000000	1.000000	0.000000	0.000000	0.000000	0.810092	-0.233212	0.537924	0.516930	-0.148815	-0.842993	0.276648	0.960971	0.000000	0.149057	0.095115	0.050903	0.819910	0.195919	-0.537924	0.523195	0.125018	0.842993	0.232409	-0.972618	-0.000000	0.271908	0.173508	-0.115792	0.799986	-0.567131	0.195919	-0.593997	-0.794694	0.125018	0.084794	-0.216388	-0.972618	0.271908	0.173508	-0.115792	0.822220	-0.048124	0.567131	-0.530922	0.294250	0.794694	-0.205122	-0.954516	0.216388	0.269117	0.190574	-0.171154	-0.032977	-0.998297	-0.048124	-0.955570	0.017381	0.294250	-0.292913	0.055689	-0.954516	
0.160000	0.000000	0.000000	0.000000	0.846555	-0.532301	0.000000	0.532301	0.846555	0.000000	0.000000	0.000000	1.000000	0.000000	0.000000	0.000000	0.815579	-0.226905	0.532301	0.512824	-0.142674	-0.846555	0.268033	0.963410	0.000000	0.150067	0.094360	0.049318	0.820321	0.209114	-0.532301	0.515806	0.131487	0.846555	0.247017	-0.969011	-0.000000	0.275546	0.173259	-0.115165	0.792941	-0.572290	0.209114	-0.602714	-0.787050	0.131487	0.089334	-0.230297	-0.969011	0.275546	0.173259	-0.115165	0.819656	-0.025471	0.572290	-0.540272	0.297758	0.787050	-0.190450	-0.954302	0.230297	0.274069	0.190529	-0.170515	-0.038704	-0.998926	-0.025471	-0.954189	0.029378	0.297758	-0.296689	0.035828	-0.954302	
0.170000	0.000000	0.000000	0.000000	0.850079	-0.526654	0.000000	0.526654	0.850079	0.000000	0.000000	0.000000	1.000000	0.000000	0.000000	0.000000	0.820982	-0.220508	0.526654	0.508627	-0.136613	-0.850079	0.259397	0.965771	0.000000	0.151061	0.093587	0.047729	0.820484	0.222355	-0.526654	0.508319	0.137757	0.850079	0.261569	-0.965185	-0.000000	0.279152	0.172945	-0.114506	0.785759	-0.577184	0.222355	-0.611385	-0.779250	0.137757	0.093759	-0.244188	-0.965185	0.279152	0.172945	-0.114506	0.816609	-0.002791	0.577184	-0.549750	0.300905	0.779250	-0.175852	-0.953650	0.244188	0.278990	0.190397	-0.169817	-0.044468	-0.999007	-0.002791	-0.952748	0.041568	0.300905	-0.300491	0.016039	-0.953650	
0.180000	0.000000	0.000000	0.000000	0.853463	-0.521154	0.000000	0.521154	0.853463	0.000000	0.000000	0.000000	1.000000	0.000000	0.000000	0.000000	0.826198	-0.213997	0.521154	0.504505	-0.130674	-0.853463	0.250740	0.968054	0.000000	0.152021	0.092829	0.046136	0.820297	0.235609	-0.521154	0.500902	0.143871	0.853463	0.276062	-0.961140	-0.000000	0.282690	0.172621	-0.113813	0.778565	-0.581657	0.235609	-0.619854	-0.771416	0.143871	0.098069	-0.258056	-0.961140	0.282690	0.172621	-0.113813	0.813192	0.019842	0.581657	-0.559185	0.303693	0.771416	-0.161339	-0.952563	0.258056	0.283841	0.190235	-0.169061	-0.050078	-0.998548	0.019842	-0.951253	0.053740	0.303693	-0.304318	-0.003666	-0.952563	
0.190000	0.000000	0.000000	0.000000	0.855897	-0.517146	0.000000	0.517146	0.855897	0.000000	0.000000	0.000000	1.000000	0.000000	0.000000	0.000000	0.830443	-0.207181	0.517146	0.501767	-0.125182	-0.855897	0.242063	0.970260	0.000000	0.152802	0.092325	0.044540	0.818988	0.248632	-0.517146	0.494846	0.150227	0.855897	0.290493	-0.956877	-0.000000	0.285889	0.172739	-0.113088	0.772353	-0.584511	0.248632	-0.626908	-0.764472	0.150227	0.102263	-0.271898	-0.956877	0.285889	0.172739	-0.113088	0.810301	0.041931	0.584511	-0.567297	0.306195	0.764472	-0.146919	-0.951045	0.271898	0.288321	0.190498	-0.168248	-0.054042	-0.997658	0.041931	-0.949793	0.064318	0.306195	-0.308175	-0.023279	-0.951045	
0.200000	0.000000	0.000000	0.000000	0.856696	-0.515821	0.000000	0.515821	0.856696	0.000000	0.000000	0.000000	1.000000	0.000000	0.000000	0.000000	0.833070	-0.199806	0.515821	0.501596	-0.120304	-0.856696	0.233229	0.972422	0.000000	0.153285	0.092294	0.042914	0.815953	0.261054	-0.515821	0.491289	0.157182	0.856696	0.304722	-0.952441	-0.000000	0.288495	0.173704	-0.112378	0.768041	-0.584777	0.261054	-0.631518	-0.759262	0.157182	0.106292	-0.285583	-0.952441	0.288495	0.173704	-0.112378	0.808752	0.062905	0.584777	-0.572991	0.308548	0.759262	-0.132671	-0.949126	0.285583	0.292143	0.191600	-0.167427	-0.055102	-0.996497	0.062905	-0.948486	0.071925	0.308548	-0.311992	-0.042663	-0.949126	
0.210000	0.000000	0.000000	0.000000	0.855874	-0.517185	0.000000	0.517185	0.855874	0.000000	0.000000	0.000000	1.000000	0.000000	0.000000	0.000000	0.834362	-0.190684	0.517185	0.504185	-0.115226	-0.855874	0.222795	0.974865	0.000000	0.153523	0.092770	0.040994	0.811633	0.271609	-0.517185	0.490451	0.164127	0.855874	0.317347	-0.948310	-0.000000	0.290356	0.175455	-0.112188	0.765810	-0.582893	0.271609	-0.633646	-0.756013	0.164127	0.109671	-0.297794	-0.948310	0.290356	0.175455	-0.112188	0.808566	0.080352	0.582893	-0.575919	0.311066	0.756013	-0.120571	-0.946986	0.297794	0.295017	0.193497	-0.167113	-0.053617	-0.995323	0.080352	-0.947333	0.076144	0.311066	-0.315729	-0.059442	-0.946986	
0.220000	0.000000	0.000000	0.000000	0.853416	-0.521230	0.000000	0.521230	0.853416	0.000000	0.000000	0.000000	1.000000	0.000000	0.000000	0.000000	0.834286	-0.179685	0.521230	0.509546	-0.109744	-0.853416	0.210548	0.977584	0.000000	0.153509	0.093756	0.038741	0.806148	0.280081	-0.521230	0.492360	0.171062	0.853416	0.328188	-0.944612	-0.000000	0.291438	0.177998	-0.112600	0.765715	-0.578995	0.280081	-0.633291	-0.754772	0.171062	0.112354	-0.308357	-0.944612	0.291438	0.177998	-0.112600	0.809903	0.093924	0.578995	-0.575989	0.313936	0.754772	-0.110876	-0.944787	0.308357	0.296885	0.196206	-0.167398	-0.049615	-0.994342	0.093924	-0.946327	0.076873	0.313936	-0.319380	-0.073307	-0.944787	
0.230000	0.000000	0.000000	0.000000	0.849286	-0.527933	0.000000	0.527933	0.849286	0.000000	0.000000	0.000000	1.000000	0.000000	0.000000	0.000000	0.832484	-0.168095	0.527933	0.517489	-0.104492	-0.849286	0.197926	0.980217	0.000000	0.153177	0.095218	0.036418	0.799101	0.287618	-0.527933	0.496737	0.178789	0.849286	0.338659	-0.940909	-0.000000	0.291858	0.181425	-0.113118	0.767628	-0.572734	0.287618	-0.630524	-0.755298	0.178789	0.114839	-0.318594	-0.940909	0.291858	0.181425	-0.113118	0.812862	0.105977	0.572734	-0.573525	0.317167	0.755298	-0.101608	-0.942430	0.318594	0.298004	0.199820	-0.167779	-0.042747	-0.993449	0.105977	-0.945438	0.074515	0.317167	-0.322986	-0.086637	-0.942430	
0.240000	0.000000	0.000000	0.000000	0.844038	-0.536284	0.000000	0.536284	0.844038	0.000000	0.000000	0.000000	1.000000	0.000000	0.000000	0.000000	0.829425	-0.156376	0.536284	0.526999	-0.099358	-0.844038	0.185271	0.982687	0.000000	0.152614	0.096968	0.034090	0.790939	0.294643	-0.536284	0.502546	0.187210	0.844038	0.349088	-0.937090	-0.000000	0.291831	0.185423	-0.113624	0.770769	-0.564890	0.294643	-0.626235	-0.756824	0.187210	0.117240	-0.328812	-0.937090	0.291831	0.185423	-0.113624	0.816787	0.117301	0.564890	-0.569488	0.320782	0.756824	-0.092430	-0.939861	0.328812	0.298635	0.204029	-0.168136	-0.034027	-0.992513	0.117301	-0.944541	0.070294	0.320782	-0.326626	-0.099880	-0.939861	
0.250000	0.000000	0.000000	0.000000	0.838480	-0.544932	0.000000	0.544932	0.838480	0.000000	0.000000	0.000000	1.000000	0.000000	0.000000	0.000000	0.825898	-0.144709	0.544932	0.536755	-0.094047	-0.838480	0.172585	0.984995	0.000000	0.151965	0.098763	0.031756	0.782432	0.301412	-0.544932	0.508506	0.195889	0.838480	0.359474	-0.933155	-0.000000	0.291632	0.189533	-0.114117	0.774140	-0.556649	0.301412	-0.621621	-0.758429	0.195889	0.119558	-0.339009	-0.933155	0.291632	0.189533	-0.114117	0.820769	0.128378	0.556649	-0.565148	0.324643	0.758429	-0.083346	-0.937084	0.339009	0.299078	0.208363	-0.168468	-0.024941	-0.991412	0.128378	-0.943547	0.065775	0.324643	-0.330298	-0.113034	-0.937084	
0.260000	0.000000	0.000000	0.000000	0.832834	-0.553523	0.000000	0.553523	0.832834	0.000000	0.000000	0.000000	1.000000	0.000000	0.000000	0.000000	0.822122	-0.133146	0.553523	0.546404	-0.088492	-0.832834	0.159871	0.987138	0.000000	0.151270	0.100538	0.029416	0.773790	0.307995	-0.553523	0.514281	0.204701	0.832834	0.369815	-0.929105	-0.000000	0.291338	0.193631	-0.114597	0.777479	-0.548330	0.307995	-0.617003	-0.759871	0.204701	0.121792	-0.349185	-0.929105	0.291338	0.193631	-0.114597	0.824572	0.139336	0.548330	-0.560849	0.328701	0.759871	-0.074359	-0.934099	0.349185	0.299419	0.212695	-0.168775	-0.015886	-0.990118	0.139336	-0.942437	0.061378	0.328701	-0.334005	-0.126094	-0.934099	
0.270000	0.000000	0.000000	0.000000	0.827100	-0.562055	0.000000	0.562055	0.827100	0.000000	0.000000	0.000000	1.000000	0.000000	0.000000	0.000000	0.818098	-0.121691	0.562055	0.555939	-0.082695	-0.827100	0.147130	0.989117	0.000000	0.150530	0.102293	0.027072	0.765018	0.314390	-0.562055	0.519868	0.213644	0.827100	0.380111	-0.924941	-0.000000	0.290947	0.197713	-0.115065	0.780786	-0.539937	0.314390	-0.612382	-0.761147	0.213644	0.123943	-0.359336	-0.924941	0.290947	0.197713	-0.115065	0.828201	0.150170	0.539937	-0.556594	0.332954	0.761147	-0.065472	-0.930909	0.359336	0.299657	0.217025	-0.169058	-0.006862	-0.988636	0.150170	-0.941212	0.057108	0.332954	-0.337746	-0.139057	-0.930909	
0.280000	0.000000	0.000000	0.000000	0.821278	-0.570529	0.000000	0.570529	0.821278	0.000000	0.000000	0.000000	1.000000	0.000000	0.000000	0.000000	0.813830	-0.110351	0.570529	0.565355	-0.076659	-0.821278	0.134365	0.990932	0.000000	0.149745	0.104025	0.024723	0.756119	0.320594	-0.570529	0.525264	0.222712	0.821278	0.390360	-0.920662	-0.000000	0.290462	0.201779	-0.115520	0.784064	-0.531473	0.320594	-0.607755	-0.762256	0.222712	0.126009	-0.369463	-0.920662	0.290462	0.201779	-0.115520	0.831659	0.160874	0.531473	-0.552386	0.337396	0.762256	-0.056689	-0.927515	0.369463	0.299792	0.221348	-0.169315	0.002128	-0.986973	0.160874	-0.939872	0.052968	0.337396	-0.341521	-0.151919	-0.927515	
0.290000	0.000000	0.000000	0.000000	0.815369	-0.578941	0.000000	0.578941	0.815369	0.000000	0.000000	0.000000	1.000000	0.000000	0.000000	0.000000	0.809321	-0.099130	0.578941	0.574647	-0.070386	-0.815369	0.121577	0.992582	0.000000	0.148915	0.105735	0.022370	0.747098	0.326605	-0.578941	0.530467	0.231901	0.815369	0.400561	-0.916270	-0.000000	0.289881	0.205826	-0.115961	0.787313	-0.522942	0.326605	-0.603123	-0.763194	0.231901	0.127992	-0.379562	-0.916270	0.289881	0.205826	-0.115961	0.834949	0.171444	0.522942	-0.548229	0.342023	0.763194	-0.048013	-0.923920	0.379562	0.299824	0.225663	-0.169548	0.011085	-0.985132	0.171444	-0.938415	0.048964	0.342023	-0.345332	-0.164676	-0.923920	
0.300000	0.000000	0.000000	0.000000	0.809375	-0.587293	0.000000	0.587293	0.809375	0.000000	0.000000	0.000000	1.000000	0.000000	0.000000	0.000000	0.804572	-0.088035	0.587293	0.583808	-0.063880	-0.809375	0.108770	0.994067	0.000000	0.148041	0.107421	0.020014	0.737959	0.332420	-0.587293	0.535473	0.241208	0.809375	0.410712	-0.911765	-0.000000	0.289205	0.209851	-0.116389	0.790534	-0.514346	0.332420	-0.598484	-0.763960	0.241208	0.129891	-0.389632	-0.911765	0.289205	0.209851	-0.116389	0.838075	0.181873	0.514346	-0.544127	0.346830	0.763960	-0.039447	-0.920126	0.389632	0.299754	0.229967	-0.169756	0.020006	-0.983118	0.181873	-0.936843	0.045098	0.346830	-0.349177	-0.177326	-0.920126	
0.310000	0.000000	0.000000	0.000000	0.803294	-0.595582	0.000000	0.595582	0.803294	0.000000	0.000000	0.000000	1.000000	0.000000	0.000000	0.000000	0.799588	-0.077071	0.595582	0.592835	-0.057142	-0.803294	0.095944	0.995387	0.000000	0.147124	0.109082	0.017654	0.728706	0.338037	-0.595582	0.540281	0.250629	0.803294	0.420813	-0.907147	-0.000000	0.288436	0.213854	-0.116803	0.793730	-0.505691	0.338037	-0.593840	-0.764552	0.250629	0.131706	-0.399671	-0.907147	0.288436	0.213854	-0.116803	0.841042	0.192159	0.505691	-0.540081	0.351813	0.764552	-0.030993	-0.916134	0.399671	0.299581	0.234259	-0.169939	0.028893	-0.980938	0.192159	-0.935155	0.041374	0.351813	-0.353058	-0.189863	-0.916134	
0.320000	0.000000	0.000000	0.000000	0.797129	-0.603809	0.000000	0.603809	0.797129	0.000000	0.000000	0.000000	1.000000	0.000000	0.000000	0.000000	0.794372	-0.066243	0.603809	0.601720	-0.050178	-0.797129	0.083102	0.996541	0.000000	0.146164	0.110717	0.015291	0.719344	0.343453	-0.603809	0.544888	0.260158	0.797129	0.430862	-0.902418	-0.000000	0.287574	0.217831	-0.117204	0.796902	-0.496979	0.343453	-0.589188	-0.764967	0.260158	0.133437	-0.409679	-0.902418	0.287574	0.217831	-0.117204	0.843853	0.202296	0.496979	-0.536096	0.356968	0.764967	-0.022656	-0.911948	0.409679	0.299307	0.238535	-0.170097	0.037742	-0.978597	0.202296	-0.933352	0.037795	0.356968	-0.356974	-0.202286	-0.911948	
0.330000	0.000000	0.000000	0.000000	0.790880	-0.611972	0.000000	0.611972	0.790880	0.000000	0.000000	0.000000	1.000000	0.000000	0.000000	0.000000	0.788926	-0.055556	0.611972	0.610460	-0.042989	-0.790880	0.070246	0.997530	0.000000	0.145162	0.112325	0.012925	0.709875	0.348665	-0.611972	0.549292	0.269792	0.790880	0.440858	-0.897577	-0.000000	0.286618	0.221781	-0.117591	0.800049	-0.488214	0.348665	-0.584528	-0.765205	0.269792	0.135084	-0.419652	-0.897577	0.286618	0.221781	-0.117591	0.846513	0.212280	0.488214	-0.532173	0.362289	0.765205	-0.014437	-0.907570	0.419652	0.298930	0.242794	-0.170231	0.046555	-0.976099	0.212280	-0.931432	0.034366	0.362289	-0.360926	-0.214590	-0.907570	
0.340000	0.000000	0.000000	0.000000	0.784547	-0.620070	0.000000	0.620070	0.784547	0.000000	0.000000	0.000000	1.000000	0.000000	0.000000	0.000000	0.783254	-0.045016	0.620070	0.619048	-0.035579	-0.784547	0.057379	0.998352	0.000000	0.144119	0.113905	0.010558	0.700306	0.353673	-0.620070	0.553490	0.279527	0.784547	0.450799	-0.892625	-0.000000	0.285570	0.225702	-0.117965	0.803175	-0.479401	0.353673	-0.579860	-0.765263	0.279527	0.136647	-0.429590	-0.892625	0.285570	0.225702	-0.117965	0.849025	0.222106	0.479401	-0.528315	0.367772	0.765263	-0.006341	-0.903002	0.429590	0.298452	0.247032	-0.170339	0.055328	-0.973451	0.222106	-0.929396	0.031088	0.367772	-0.364913	-0.226773	-0.903002	
0.350000	0.000000	0.000000	0.000000	0.778131	-0.628102	0.000000	0.628102	0.778131	0.000000	0.000000	0.000000	1.000000	0.000000	0.000000	0.000000	0.777360	-0.034628	0.628102	0.627480	-0.027952	-0.778131	0.044502	0.999009	0.000000	0.143034	0.115456	0.008188	0.690641	0.358473	-0.628102	0.557481	0.289357	0.778131	0.460685	-0.887564	-0.000000	0.284431	0.229591	-0.118324	0.806279	-0.470543	0.358473	-0.575182	-0.765139	0.289357	0.138127	-0.439490	-0.887564	0.284431	0.229591	-0.118324	0.851394	0.231771	0.470543	-0.524524	0.373412	0.765139	0.001631	-0.898246	0.439490	0.297874	0.251249	-0.170422	0.064062	-0.970659	0.231771	-0.927244	0.027966	0.373412	-0.368937	-0.238830	-0.898246	
0.360000	0.000000	0.000000	0.000000	0.771633	-0.636068	0.000000	0.636068	0.771633	0.000000	0.000000	0.000000	1.000000	0.000000	0.000000	0.000000	0.771247	-0.024397	0.636068	0.635750	-0.020111	-0.771633	0.031618	0.999500	0.000000	0.141909	0.116978	0.005818	0.681024	0.362798	-0.636068	0.561379	0.299060	0.771633	0.470170	-0.882576	-0.000000	0.283163	0.233416	-0.118740	0.809406	-0.461779	0.362798	-0.570460	-0.764944	0.299060	0.139421	-0.449023	-0.882576	0.283163	0.233416	-0.118740	0.853627	0.241002	0.461779	-0.520801	0.378981	0.764944	0.009347	-0.893471	0.449023	0.297142	0.255397	-0.170561	0.072643	-0.967802	0.241002	-0.925068	0.024938	0.378981	-0.372789	-0.250474	-0.893471	
0.370000	0.000000	0.000000	0.000000	0.765053	-0.643967	0.000000	0.643967	0.765053	0.000000	0.000000	0.000000	1.000000	0.000000	0.000000	0.000000	0.764919	-0.014328	0.643967	0.643854	-0.012060	-0.765053	0.018728	0.999825	0.000000	0.140745	0.118469	0.003446	0.672049	0.365591	-0.643967	0.565683	0.307728	0.765053	0.477863	-0.878434	-0.000000	0.281622	0.237049	-0.119507	0.812726	-0.453674	0.365591	-0.565545	-0.765155	0.307728	0.140125	-0.456857	-0.878434	0.281622	0.237049	-0.119507	0.855754	0.248725	0.453674	-0.517125	0.383562	0.765155	0.016301	-0.889391	0.456857	0.296048	0.259296	-0.171092	0.080613	-0.965214	0.248725	-0.923260	0.021731	0.383562	-0.375624	-0.260558	-0.889391	
0.380000	0.000000	0.000000	0.000000	0.758392	-0.651798	0.000000	0.651798	0.758392	0.000000	0.000000	0.000000	1.000000	0.000000	0.000000	0.000000	0.758380	-0.004425	0.651798	0.651787	-0.003803	-0.758392	0.005835	0.999983	0.000000	0.139542	0.119929	0.001074	0.664173	0.366105	-0.651798	0.570822	0.314648	0.758392	0.482739	-0.875765	-0.000000	0.279708	0.240395	-0.120854	0.816365	-0.446671	0.366105	-0.560320	-0.766184	0.314648	0.139960	-0.462004	-0.875765	0.279708	0.240395	-0.120854	0.857832	0.254186	0.446671	-0.513453	0.386430	0.766184	0.022146	-0.886601	0.462004	0.294451	0.262807	-0.172277	0.087628	-0.963178	0.254186	-0.922142	0.018085	0.386430	-0.376797	-0.268257	-0.886601	
0.390000	0.000000	0.000000	0.000000	0.751652	-0.659560	0.000000	0.659560	0.751652	0.000000	0.000000	0.000000	1.000000	0.000000	0.000000	0.000000	0.751633	0.005305	0.659560	0.659544	0.004655	-0.751652	-0.007058	0.999975	0.000000	0.138300	0.121356	-0.001299	0.657405	0.364417	-0.659560	0.576860	0.319769	0.751652	0.484821	-0.874613	-0.000000	0.277439	0.243447	-0.122786	0.820314	-0.440778	0.364417	-0.554775	-0.768097	0.319769	0.138960	-0.464480	-0.874613	0.277439	0.243447	-0.122786	0.859901	0.257458	0.440778	-0.509749	0.387534	0.768097	0.026936	-0.885174	0.464480	0.292371	0.265924	-0.174126	0.093705	-0.961735	0.257458	-0.921750	0.013934	0.387534	-0.376293	-0.273626	-0.885174	
0.400000	0.000000	0.000000	0.000000	0.745453	-0.666558	0.000000	0.666558	0.745453	0.000000	0.000000	0.000000	1.000000	0.000000	0.000000	0.000000	0.745320	0.014054	0.666558	0.666440	0.012567	-0.745453	-0.018853	0.999822	0.000000	0.137139	0.122625	-0.003469	0.651875	0.361606	-0.666558	0.582884	0.323336	0.745453	0.485083	-0.874468	-0.000000	0.275157	0.246036	-0.124901	0.823932	-0.436323	0.361606	-0.549773	-0.770197	0.323336	0.137429	-0.465208	-0.874468	0.275157	0.246036	-0.124901	0.861500	0.259693	0.436323	-0.506807	0.387224	0.770197	0.031060	-0.884656	0.465208	0.290219	0.268495	-0.176211	0.098317	-0.960673	0.259693	-0.921928	0.010324	0.387224	-0.374677	-0.277489	-0.884656	
0.410000	0.000000	0.000000	0.000000	0.740878	-0.671640	0.000000	0.671640	0.740878	0.000000	0.000000	0.000000	1.000000	0.000000	0.000000	0.000000	0.740588	0.020721	0.671640	0.671377	0.018785	-0.740878	-0.027968	0.999609	0.000000	0.136268	0.123533	-0.005146	0.647947	0.359256	-0.671640	0.587393	0.325682	0.740878	0.484906	-0.874566	-0.000000	0.273421	0.247869	-0.126616	0.826198	-0.433972	0.359256	-0.546775	-0.771342	0.325682	0.135773	-0.465510	-0.874566	0.273421	0.247869	-0.126616	0.861815	0.262570	0.433972	-0.506012	0.385984	0.771342	0.035025	-0.884349	0.465510	0.288650	0.270256	-0.177908	0.100466	-0.959668	0.262570	-0.922461	0.009036	0.385984	-0.372789	-0.280989	-0.884349	
0.420000	0.000000	0.000000	0.000000	0.738402	-0.674360	0.000000	0.674360	0.738402	0.000000	0.000000	0.000000	1.000000	0.000000	0.000000	0.000000	0.737977	0.025049	0.674360	0.673972	0.022876	-0.738402	-0.033923	0.999424	0.000000	0.135788	0.124011	-0.006242	0.645861	0.357913	-0.674360	0.589845	0.326871	0.738402	0.484713	-0.874673	-0.000000	0.272462	0.248832	-0.127752	0.826732	-0.434065	0.357913	-0.546378	-0.771120	0.326871	0.134111	-0.465791	-0.874673	0.272462	0.248832	-0.127752	0.860617	0.266318	0.434065	-0.507784	0.384095	0.771120	0.038641	-0.884051	0.465791	0.287909	0.271109	-0.179027	0.099740	-0.958711	0.266318	-0.923232	0.010648	0.384095	-0.371072	-0.284183	-0.884051	
0.430000	0.000000	0.000000	0.000000	0.738052	-0.674744	0.000000	0.674744	0.738052	0.000000	0.000000	0.000000	1.000000	0.000000	0.000000	0.000000	0.737554	0.027101	0.674744	0.674289	0.024776	-0.738052	-0.036719	0.999326	0.000000	0.135710	0.124069	-0.006756	0.645640	0.357589	-0.674744	0.590259	0.326916	0.738052	0.484504	-0.874789	-0.000000	0.272298	0.248941	-0.128311	0.825536	-0.436601	0.357589	-0.548588	-0.769531	0.326916	0.132444	-0.466050	-0.874789	0.272298	0.248941	-0.128311	0.858313	0.269590	0.436601	-0.511523	0.382318	0.769531	0.040537	-0.883829	0.466050	0.287934	0.271116	-0.179573	0.096362	-0.958142	0.269590	-0.923915	0.014652	0.382318	-0.370265	-0.285919	-0.883829	
0.440000	0.000000	0.000000	0.000000	0.739830	-0.672794	0.000000	0.672794	0.739830	0.000000	0.000000	0.000000	1.000000	0.000000	0.000000	0.000000	0.739341	0.026898	0.672794	0.672349	0.024461	-0.739830	-0.036357	0.999339	0.000000	0.136039	0.123712	-0.006690	0.647288	0.358283	-0.672794	0.588637	0.325819	0.739830	0.484278	-0.874914	-0.000000	0.272933	0.248202	-0.128292	0.822813	-0.441148	0.358283	-0.553006	-0.766829	0.325819	0.131007	-0.466221	-0.874914	0.272933	0.248202	-0.128292	0.855423	0.271366	0.441148	-0.516389	0.381203	0.766829	0.039925	-0.883767	0.466221	0.288672	0.270312	-0.179551	0.090974	-0.958167	0.271366	-0.924270	0.020207	0.381203	-0.370740	-0.285496	-0.883767	
0.450000	0.000000	0.000000	0.000000	0.743718	-0.668493	0.000000	0.668493	0.743718	0.000000	0.000000	0.000000	1.000000	0.000000	0.000000	0.000000	0.743317	0.024421	0.668493	0.668132	0.021951	-0.743718	-0.032837	0.999461	0.000000	0.136770	0.122936	-0.006042	0.650790	0.359986	-0.668493	0.584964	0.323574	0.743718	0.484035	-0.875049	-0.000000	0.274359	0.246608	-0.127696	0.818528	-0.447686	0.359986	-0.559610	-0.762978	0.323574	0.129802	-0.466306	-0.875049	0.274359	0.246608	-0.127696	0.851866	0.271850	0.447686	-0.522452	0.380668	0.762978	0.036996	-0.883849	0.466306	0.290126	0.268687	-0.178959	0.083551	-0.958706	0.271850	-0.924306	0.027389	0.380668	-0.372394	-0.283077	-0.883849	
0.460000	0.000000	0.000000	0.000000	0.749676	-0.661805	0.000000	0.661805	0.749676	0.000000	0.000000	0.000000	1.000000	0.000000	0.000000	0.000000	0.749420	0.019610	0.661805	0.661578	0.017311	-0.749676	-0.026158	0.999658	0.000000	0.137893	0.121730	-0.004813	0.656111	0.362676	-0.661805	0.579206	0.320165	0.749676	0.483776	-0.875192	-0.000000	0.276557	0.244141	-0.126522	0.812397	-0.456593	0.362676	-0.568748	-0.757641	0.320165	0.128593	-0.466373	-0.875192	0.276557	0.244141	-0.126522	0.846948	0.272400	0.456593	-0.530657	0.379978	0.757641	0.032886	-0.883977	0.466373	0.292356	0.266180	-0.177792	0.073398	-0.959381	0.272400	-0.924248	0.037178	0.379978	-0.374671	-0.279655	-0.883977	
0.470000	0.000000	0.000000	0.000000	0.757640	-0.652673	0.000000	0.652673	0.757640	0.000000	0.000000	0.000000	1.000000	0.000000	0.000000	0.000000	0.757539	0.012363	0.652673	0.652586	0.010650	-0.757640	-0.016318	0.999867	0.000000	0.139387	0.120076	-0.003002	0.663195	0.366319	-0.652673	0.571314	0.315568	0.757640	0.483501	-0.875344	-0.000000	0.279495	0.240773	-0.124769	0.804336	-0.467818	0.366319	-0.580360	-0.750732	0.315568	0.127379	-0.466420	-0.875344	0.279495	0.240773	-0.124769	0.840231	0.274149	0.467818	-0.541464	0.378441	0.750732	0.028770	-0.884095	0.466420	0.295395	0.262722	-0.176047	0.060323	-0.959794	0.274149	-0.924274	0.050004	0.378441	-0.376934	-0.276217	-0.884095	
0.480000	0.000000	0.000000	0.000000	0.766709	-0.641995	0.000000	0.641995	0.766709	0.000000	0.000000	0.000000	1.000000	0.000000	0.000000	0.000000	0.766702	0.003385	0.641995	0.641988	0.002834	-0.766709	-0.004415	0.999990	0.000000	0.141073	0.118126	-0.000812	0.671665	0.369743	-0.641995	0.562410	0.309600	0.766709	0.482246	-0.876036	-0.000000	0.282724	0.236736	-0.122844	0.795093	-0.480747	0.369743	-0.593274	-0.743084	0.309600	0.125911	-0.465519	-0.876036	0.282724	0.236736	-0.122844	0.832336	0.275862	0.480747	-0.553737	0.375767	0.743084	0.024339	-0.884703	0.465519	0.298724	0.258530	-0.174157	0.045178	-0.960135	0.275862	-0.924469	0.064464	0.375767	-0.378570	-0.272002	-0.884703	
0.490000	0.000000	0.000000	0.000000	0.775827	-0.630946	0.000000	0.630946	0.775827	0.000000	0.000000	0.000000	1.000000	0.000000	0.000000	0.000000	0.775802	-0.006183	0.630946	0.630926	-0.005028	-0.775827	0.007969	0.999968	0.000000	0.142748	0.116090	0.001466	0.681192	0.371330	-0.630946	0.553983	0.301986	0.775827	0.478624	-0.878020	-0.000000	0.285691	0.232340	-0.121327	0.785707	-0.494752	0.371330	-0.606077	-0.735850	0.301986	0.123835	-0.462327	-0.878020	0.285691	0.232340	-0.121327	0.824101	0.275822	0.494752	-0.566119	0.371530	0.735850	0.019149	-0.886503	0.462327	0.301689	0.253889	-0.172744	0.028945	-0.960773	0.275822	-0.925071	0.078791	0.371530	-0.378689	-0.265909	-0.886503	
0.500000	0.000000	0.000000	0.000000	0.784786	-0.619767	0.000000	0.619767	0.784786	0.000000	0.000000	0.000000	1.000000	0.000000	0.000000	0.000000	0.784623	-0.015972	0.619767	0.619639	-0.012614	-0.784786	0.020353	0.999793	0.000000	0.144371	0.114014	0.003745	0.691784	0.370571	-0.619767	0.546321	0.292650	0.784786	0.472194	-0.881495	-0.000000	0.288256	0.227644	-0.120392	0.776405	-0.509776	0.370571	-0.618498	-0.729257	0.292650	0.121055	-0.456413	-0.881495	0.288256	0.227644	-0.120392	0.815675	0.273501	0.509776	-0.578363	0.365623	0.729257	0.013067	-0.889672	0.456413	0.304119	0.248850	-0.171993	0.011749	-0.961800	0.273501	-0.926139	0.092657	0.365623	-0.376998	-0.257596	-0.889672	
0.510000	0.000000	0.000000	0.000000	0.793583	-0.608461	0.000000	0.608461	0.793583	0.000000	0.000000	0.000000	1.000000	0.000000	0.000000	0.000000	0.793158	-0.025976	0.608461	0.608135	-0.019916	-0.793583	0.032733	0.999464	0.000000	0.145941	0.111897	0.006023	0.703346	0.367531	-0.608461	0.539274	0.281795	0.793583	0.463128	-0.886291	-0.000000	0.290422	0.222674	-0.119988	0.767158	-0.525727	0.367531	-0.630579	-0.723161	0.281795	0.117636	-0.447939	-0.886291	0.290422	0.222674	-0.119988	0.807011	0.268968	0.525727	-0.590504	0.358251	0.723161	0.006165	-0.894043	0.447939	0.306022	0.243453	-0.171843	-0.006354	-0.963128	0.268968	-0.927570	0.106166	0.358251	-0.373597	-0.247210	-0.894043	
0.520000	0.000000	0.000000	0.000000	0.802218	-0.597031	0.000000	0.597031	0.802218	0.000000	0.000000	0.000000	1.000000	0.000000	0.000000	0.000000	0.801402	-0.036186	0.597031	0.596423	-0.026931	-0.802218	0.045108	0.998982	0.000000	0.147458	0.109742	0.008300	0.715267	0.363246	-0.597031	0.532319	0.270337	0.802218	0.452802	-0.891611	-0.000000	0.292327	0.217557	-0.119817	0.757808	-0.542015	0.363246	-0.642452	-0.717059	0.270337	0.113942	-0.438232	-0.891611	0.292327	0.217557	-0.119817	0.798065	0.263273	0.542015	-0.602571	0.350336	0.717059	-0.001105	-0.898861	0.438232	0.307596	0.237876	-0.171951	-0.024894	-0.964400	0.263273	-0.928954	0.119617	0.350336	-0.369356	-0.235848	-0.898861	
0.530000	0.000000	0.000000	0.000000	0.810688	-0.585478	0.000000	0.585478	0.810688	0.000000	0.000000	0.000000	1.000000	0.000000	0.000000	0.000000	0.809348	-0.046595	0.585478	0.584510	-0.033651	-0.810688	0.057476	0.998347	0.000000	0.148920	0.107550	0.010576	0.727034	0.358661	-0.585478	0.525063	0.259024	0.810688	0.442415	-0.896810	-0.000000	0.294102	0.212400	-0.119631	0.748225	-0.558142	0.358661	-0.654216	-0.710569	0.259024	0.110281	-0.428450	-0.896810	0.294102	0.212400	-0.119631	0.788820	0.257373	0.558142	-0.614567	0.342635	0.710569	-0.008358	-0.903527	0.428450	0.309030	0.232273	-0.172035	-0.043459	-0.965335	0.257373	-0.929975	0.133218	0.342635	-0.365044	-0.224460	-0.903527	
0.540000	0.000000	0.000000	0.000000	0.818992	-0.573805	0.000000	0.573805	0.818992	0.000000	0.000000	0.000000	1.000000	0.000000	0.000000	0.000000	0.816993	-0.057194	0.573805	0.572404	-0.040072	-0.818992	0.069835	0.997559	0.000000	0.150327	0.105322	0.012850	0.738640	0.353779	-0.573805	0.517508	0.247866	0.818992	0.431969	-0.901889	-0.000000	0.295747	0.207207	-0.119428	0.738411	-0.574099	0.353779	-0.665863	-0.703697	0.247866	0.106654	-0.418595	-0.901889	0.295747	0.207207	-0.119428	0.779277	0.251272	0.574099	-0.626485	0.335153	0.703697	-0.015591	-0.908039	0.418595	0.310321	0.226646	-0.172094	-0.062042	-0.965926	0.251272	-0.930632	0.146960	0.335153	-0.360660	-0.213048	-0.908039	
0.550000	0.000000	0.000000	0.000000	0.827128	-0.562014	0.000000	0.562014	0.827128	0.000000	0.000000	0.000000	1.000000	0.000000	0.000000	0.000000	0.824330	-0.067976	0.562014	0.560113	-0.046188	-0.827128	0.082183	0.996617	0.000000	0.151677	0.103061	0.015122	0.750077	0.348604	-0.562014	0.509659	0.236868	0.827128	0.421464	-0.906845	-0.000000	0.297261	0.201982	-0.119209	0.728369	-0.589876	0.348604	-0.677390	-0.696446	0.236868	0.103061	-0.408669	-0.906845	0.297261	0.201982	-0.119209	0.769436	0.244979	0.589876	-0.638317	0.327896	0.696446	-0.022803	-0.912398	0.408669	0.311470	0.221000	-0.172128	-0.080635	-0.966169	0.244979	-0.930923	0.160834	0.327896	-0.356204	-0.201616	-0.912398	
0.560000	0.000000	0.000000	0.000000	0.835094	-0.550107	0.000000	0.550107	0.835094	0.000000	0.000000	0.000000	1.000000	0.000000	0.000000	0.000000	0.831355	-0.078933	0.550107	0.547645	-0.051996	-0.835094	0.094519	0.995523	0.000000	0.152969	0.100767	0.017392	0.761338	0.343142	-0.550107	0.501522	0.226040	0.835094	0.410902	-0.911679	-0.000000	0.298643	0.196727	-0.118975	0.718099	-0.605464	0.343142	-0.688790	-0.688820	0.226040	0.099504	-0.398672	-0.911679	0.298643	0.196727	-0.118975	0.759297	0.238499	0.605464	-0.650053	0.320869	0.688820	-0.029992	-0.916603	0.398672	0.312476	0.215338	-0.172138	-0.099231	-0.966060	0.238499	-0.930848	0.174830	0.320869	-0.351676	-0.190166	-0.916603	
0.570000	0.000000	0.000000	0.000000	0.842889	-0.538088	0.000000	0.538088	0.842889	0.000000	0.000000	0.000000	1.000000	0.000000	0.000000	0.000000	0.838064	-0.090055	0.538088	0.535008	-0.057490	-0.842889	0.106841	0.994276	0.000000	0.154204	0.098442	0.019659	0.772415	0.337396	-0.538088	0.493099	0.215389	0.842889	0.400285	-0.916391	-0.000000	0.299892	0.191447	-0.118725	0.707604	-0.620854	0.337396	-0.700060	-0.680826	0.215389	0.095983	-0.388607	-0.916391	0.299892	0.191447	-0.118725	0.748859	0.231841	0.620854	-0.661687	0.314079	0.680826	-0.037154	-0.920654	0.388607	0.313339	0.209663	-0.172122	-0.117821	-0.965592	0.231841	-0.930407	0.188939	0.314079	-0.347076	-0.178701	-0.920654	
